# Made in Blockbench 4.0.5
mtllib materials.mtl

o bda
v 0.075 1.4937573428106667 0.9854686463771349
v 0.075 1.0694932740987377 0.5612045776652066
v 0.075 1.3876913256326848 1.0915346635551169
v 0.075 0.9634272569207558 0.6672705948431886
v -0.075 1.0694932740987377 0.5612045776652066
v -0.075 1.4937573428106667 0.9854686463771349
v -0.075 0.9634272569207558 0.6672705948431886
v -0.075 1.3876913256326848 1.0915346635551169
vt 0.09765625 0.7109375
vt 0.1015625 0.7109375
vt 0.1015625 0.703125
vt 0.09765625 0.703125
vt 0.0859375 0.7109375
vt 0.09765625 0.7109375
vt 0.09765625 0.703125
vt 0.0859375 0.703125
vt 0.11328125 0.7109375
vt 0.1171875 0.7109375
vt 0.1171875 0.703125
vt 0.11328125 0.703125
vt 0.1015625 0.7109375
vt 0.11328125 0.7109375
vt 0.11328125 0.703125
vt 0.1015625 0.703125
vt 0.1015625 0.7109375
vt 0.09765625 0.7109375
vt 0.09765625 0.734375
vt 0.1015625 0.734375
vt 0.10546875 0.734375
vt 0.1015625 0.734375
vt 0.1015625 0.7109375
vt 0.10546875 0.7109375
vn 0 -0.7071067811865476 -0.7071067811865475
vn 1 0 0
vn 0 0.7071067811865476 0.7071067811865475
vn -1 0 0
vn 0 0.7071067811865475 -0.7071067811865476
vn 0 -0.7071067811865475 0.7071067811865476
usemtl none
f 4/4/1 7/3/1 5/2/1 2/1/1
f 3/8/2 4/7/2 2/6/2 1/5/2
f 8/12/3 3/11/3 1/10/3 6/9/3
f 7/16/4 8/15/4 6/14/4 5/13/4
f 6/20/5 1/19/5 2/18/5 5/17/5
f 7/24/6 4/23/6 3/22/6 8/21/6
o bda
v 0.075 1.4187571781806392 1.4354687502738244
v 0.075 0.9944931094687106 1.0112046815618958
v 0.075 1.3126911610026568 1.5415347674518065
v 0.075 0.8884270922907282 1.117270698739878
v -0.075 0.9944931094687106 1.0112046815618958
v -0.075 1.4187571781806392 1.4354687502738244
v -0.075 0.8884270922907282 1.117270698739878
v -0.075 1.3126911610026568 1.5415347674518065
vt 0.09765625 0.7109375
vt 0.1015625 0.7109375
vt 0.1015625 0.703125
vt 0.09765625 0.703125
vt 0.0859375 0.7109375
vt 0.09765625 0.7109375
vt 0.09765625 0.703125
vt 0.0859375 0.703125
vt 0.11328125 0.7109375
vt 0.1171875 0.7109375
vt 0.1171875 0.703125
vt 0.11328125 0.703125
vt 0.1015625 0.7109375
vt 0.11328125 0.7109375
vt 0.11328125 0.703125
vt 0.1015625 0.703125
vt 0.1015625 0.7109375
vt 0.09765625 0.7109375
vt 0.09765625 0.734375
vt 0.1015625 0.734375
vt 0.10546875 0.734375
vt 0.1015625 0.734375
vt 0.1015625 0.7109375
vt 0.10546875 0.7109375
vn 0 -0.7071067811865476 -0.7071067811865475
vn 1 0 0
vn 0 0.7071067811865476 0.7071067811865475
vn -1 0 0
vn 0 0.7071067811865475 -0.7071067811865476
vn 0 -0.7071067811865475 0.7071067811865476
usemtl none
f 12/28/7 15/27/7 13/26/7 10/25/7
f 11/32/8 12/31/8 10/30/8 9/29/8
f 16/36/9 11/35/9 9/34/9 14/33/9
f 15/40/10 16/39/10 14/38/10 13/37/10
f 14/44/11 9/43/11 10/42/11 13/41/11
f 15/48/12 12/47/12 11/46/12 16/45/12
o bda
v 0.525 1.023162044791527 1.4591564836389768
v 0.525 1.1146755746765682 0.4131520506426438
v 0.525 0.12658681650895565 1.3807163151660842
v 0.525 0.21810034639399678 0.33471188216975145
v -0.525 1.1146755746765682 0.4131520506426438
v -0.525 1.023162044791527 1.4591564836389768
v -0.525 0.21810034639399678 0.33471188216975145
v -0.525 0.12658681650895565 1.3807163151660842
vt 0.390625 0.578125
vt 0.41796875 0.578125
vt 0.41796875 0.53125
vt 0.390625 0.53125
vt 0.36328125 0.578125
vt 0.390625 0.578125
vt 0.390625 0.53125
vt 0.36328125 0.53125
vt 0.4453125 0.578125
vt 0.47265625 0.578125
vt 0.47265625 0.53125
vt 0.4453125 0.53125
vt 0.41796875 0.578125
vt 0.4453125 0.578125
vt 0.4453125 0.53125
vt 0.41796875 0.53125
vt 0.41796875 0.578125
vt 0.390625 0.578125
vt 0.390625 0.6328125
vt 0.41796875 0.6328125
vt 0.4453125 0.6328125
vt 0.41796875 0.6328125
vt 0.41796875 0.578125
vt 0.4453125 0.578125
vn 0 0.08715574274765818 -0.9961946980917455
vn 1 0 0
vn 0 -0.08715574274765818 0.9961946980917455
vn -1 0 0
vn 0 0.9961946980917455 0.08715574274765818
vn 0 -0.9961946980917455 -0.08715574274765818
usemtl none
f 20/52/13 23/51/13 21/50/13 18/49/13
f 19/56/14 20/55/14 18/54/14 17/53/14
f 24/60/15 19/59/15 17/58/15 22/57/15
f 23/64/16 24/63/16 22/62/16 21/61/16
f 22/68/17 17/67/17 18/66/17 21/65/17
f 23/72/18 20/71/18 19/70/18 24/69/18
o bdb
v 0.075 1.5898704098072958 0.5920399217513268
v 0.075 1.0727904107019854 0.15815828521291264
v 0.075 1.493452268354315 0.7069465882191733
v 0.075 0.9763722692490047 0.27306495168075917
v -0.075 1.0727904107019854 0.15815828521291264
v -0.075 1.5898704098072958 0.5920399217513268
v -0.075 0.9763722692490047 0.27306495168075917
v -0.075 1.493452268354315 0.7069465882191733
vt 0.09765625 0.7109375
vt 0.1015625 0.7109375
vt 0.1015625 0.703125
vt 0.09765625 0.703125
vt 0.0859375 0.7109375
vt 0.09765625 0.7109375
vt 0.09765625 0.703125
vt 0.0859375 0.703125
vt 0.11328125 0.7109375
vt 0.1171875 0.7109375
vt 0.1171875 0.703125
vt 0.11328125 0.703125
vt 0.1015625 0.7109375
vt 0.11328125 0.7109375
vt 0.11328125 0.703125
vt 0.1015625 0.703125
vt 0.1015625 0.7109375
vt 0.09765625 0.7109375
vt 0.09765625 0.734375
vt 0.1015625 0.734375
vt 0.10546875 0.734375
vt 0.1015625 0.734375
vt 0.1015625 0.7109375
vt 0.10546875 0.7109375
vn 0 -0.766044443118978 -0.6427876096865393
vn 1 0 0
vn 0 0.766044443118978 0.6427876096865393
vn -1 0 0
vn 0 0.6427876096865393 -0.766044443118978
vn 0 -0.6427876096865393 0.766044443118978
usemtl none
f 28/76/19 31/75/19 29/74/19 26/73/19
f 27/80/20 28/79/20 26/78/20 25/77/20
f 32/84/21 27/83/21 25/82/21 30/81/21
f 31/88/22 32/87/22 30/86/22 29/85/22
f 30/92/23 25/91/23 26/90/23 29/89/23
f 31/96/24 28/95/24 27/94/24 32/93/24
o bdb
v 0.075 1.4997336783362598 0.17025789974266115
v 0.075 1.0401070124648732 -0.2154146660692624
v 0.075 1.403315536883279 0.2851645662105078
v 0.075 0.9436888710118922 -0.10050799960141577
v -0.075 1.0401070124648732 -0.2154146660692624
v -0.075 1.4997336783362598 0.17025789974266115
v -0.075 0.9436888710118922 -0.10050799960141577
v -0.075 1.403315536883279 0.2851645662105078
vt 0.09765625 0.7109375
vt 0.1015625 0.7109375
vt 0.1015625 0.703125
vt 0.09765625 0.703125
vt 0.0859375 0.7109375
vt 0.09765625 0.7109375
vt 0.09765625 0.703125
vt 0.0859375 0.703125
vt 0.11328125 0.7109375
vt 0.1171875 0.7109375
vt 0.1171875 0.703125
vt 0.11328125 0.703125
vt 0.1015625 0.7109375
vt 0.11328125 0.7109375
vt 0.11328125 0.703125
vt 0.1015625 0.703125
vt 0.1015625 0.7109375
vt 0.09765625 0.7109375
vt 0.09765625 0.734375
vt 0.1015625 0.734375
vt 0.10546875 0.734375
vt 0.1015625 0.734375
vt 0.1015625 0.7109375
vt 0.10546875 0.7109375
vn 0 -0.766044443118978 -0.6427876096865393
vn 1 0 0
vn 0 0.766044443118978 0.6427876096865393
vn -1 0 0
vn 0 0.6427876096865393 -0.766044443118978
vn 0 -0.6427876096865393 0.766044443118978
usemtl none
f 36/100/25 39/99/25 37/98/25 34/97/25
f 35/104/26 36/103/26 34/102/26 33/101/26
f 40/108/27 35/107/27 33/106/27 38/105/27
f 39/112/28 40/111/28 38/110/28 37/109/28
f 38/116/29 33/115/29 34/114/29 37/113/29
f 39/120/30 36/119/30 35/118/30 40/117/30
o bdb
v 0.075 1.34938377957527 -0.2781371707086766
v 0.075 1.00466378017173 -0.5673915950676193
v 0.075 1.2529656381222887 -0.16323050424082974
v 0.075 0.9082456387187487 -0.4524849285997724
v -0.075 1.00466378017173 -0.5673915950676193
v -0.075 1.34938377957527 -0.2781371707086766
v -0.075 0.9082456387187487 -0.4524849285997724
v -0.075 1.2529656381222887 -0.16323050424082974
vt 0.140625 0.71875
vt 0.14453125 0.71875
vt 0.14453125 0.7109375
vt 0.140625 0.7109375
vt 0.1328125 0.71875
vt 0.140625 0.71875
vt 0.140625 0.7109375
vt 0.1328125 0.7109375
vt 0.15234375 0.71875
vt 0.15625 0.71875
vt 0.15625 0.7109375
vt 0.15234375 0.7109375
vt 0.14453125 0.71875
vt 0.15234375 0.71875
vt 0.15234375 0.7109375
vt 0.14453125 0.7109375
vt 0.14453125 0.71875
vt 0.140625 0.71875
vt 0.140625 0.734375
vt 0.14453125 0.734375
vt 0.1484375 0.734375
vt 0.14453125 0.734375
vt 0.14453125 0.71875
vt 0.1484375 0.71875
vn 0 -0.766044443118978 -0.6427876096865393
vn 1 0 0
vn 0 0.766044443118978 0.6427876096865393
vn -1 0 0
vn 0 0.6427876096865393 -0.766044443118978
vn 0 -0.6427876096865393 0.766044443118978
usemtl none
f 44/124/31 47/123/31 45/122/31 42/121/31
f 43/128/32 44/127/32 42/126/32 41/125/32
f 48/132/33 43/131/33 41/130/33 46/129/33
f 47/136/34 48/135/34 46/134/34 45/133/34
f 46/140/35 41/139/35 42/138/35 45/137/35
f 47/144/36 44/143/36 43/142/36 48/141/36
o bdb
v 0.45 1.1116453428297992 0.4424719150126489
v 0.45 1.020131812944758 -0.6035325179836839
v 0.45 0.06564090983346635 0.53398544489769
v 0.45 -0.025872620051574743 -0.5120189880986429
v -0.45 1.020131812944758 -0.6035325179836839
v -0.45 1.1116453428297992 0.4424719150126489
v -0.45 -0.025872620051574743 -0.5120189880986429
v -0.45 0.06564090983346635 0.53398544489769
vt 0.2890625 0.578125
vt 0.3125 0.578125
vt 0.3125 0.5234375
vt 0.2890625 0.5234375
vt 0.26171875 0.578125
vt 0.2890625 0.578125
vt 0.2890625 0.5234375
vt 0.26171875 0.5234375
vt 0.33984375 0.578125
vt 0.36328125 0.578125
vt 0.36328125 0.5234375
vt 0.33984375 0.5234375
vt 0.3125 0.578125
vt 0.33984375 0.578125
vt 0.33984375 0.5234375
vt 0.3125 0.5234375
vt 0.3125 0.578125
vt 0.2890625 0.578125
vt 0.2890625 0.6328125
vt 0.3125 0.6328125
vt 0.3359375 0.6328125
vt 0.3125 0.6328125
vt 0.3125 0.578125
vt 0.3359375 0.578125
vn 0 -0.08715574274765818 -0.9961946980917455
vn 1 0 0
vn 0 0.08715574274765818 0.9961946980917455
vn -1 0 0
vn 0 0.9961946980917455 -0.08715574274765818
vn 0 -0.9961946980917455 0.08715574274765818
usemtl none
f 52/148/37 55/147/37 53/146/37 50/145/37
f 51/152/38 52/151/38 50/150/38 49/149/38
f 56/156/39 51/155/39 49/154/39 54/153/39
f 55/160/40 56/159/40 54/158/40 53/157/40
f 54/164/41 49/163/41 50/162/41 53/161/41
f 55/168/42 52/167/42 51/166/42 56/165/42
o neck1
v 0.29734063954021117 1.213647152219672 -0.681374997698484
v 0.15041314639510595 0.8804354676326032 -0.9457275747858712
v 0.2483647925749639 1.139412926928164 -0.5605832504248962
v 0.10143729942985846 0.8062012423410956 -0.8249358275122832
v 0.01736152337923169 0.9486455120322166 -0.9577548544385787
v 0.16428901652433714 1.2818571966192853 -0.6934022773511914
v -0.03161432358601579 0.874411286740709 -0.8369631071649907
v 0.11531316955908943 1.2076229713277775 -0.5726105300776037
vt 0.140625 0.71875
vt 0.14453125 0.71875
vt 0.14453125 0.7109375
vt 0.140625 0.7109375
vt 0.1328125 0.71875
vt 0.140625 0.71875
vt 0.140625 0.7109375
vt 0.1328125 0.7109375
vt 0.15234375 0.71875
vt 0.15625 0.71875
vt 0.15625 0.7109375
vt 0.15234375 0.7109375
vt 0.14453125 0.71875
vt 0.15234375 0.71875
vt 0.15234375 0.7109375
vt 0.14453125 0.7109375
vt 0.14453125 0.71875
vt 0.140625 0.71875
vt 0.140625 0.734375
vt 0.14453125 0.734375
vt 0.1484375 0.734375
vt 0.14453125 0.734375
vt 0.14453125 0.71875
vt 0.1484375 0.71875
vn -0.3265055403224563 -0.7404704101934857 -0.5874501713053049
vn 0.8870108201058287 -0.45473362933075656 0.08018186435138397
vn 0.3265055403224563 0.7404704101934857 0.5874501713053049
vn -0.8870108201058287 0.45473362933075656 -0.08018186435138397
vn 0.32650564643498364 0.4948948352767174 -0.8052783151572532
vn -0.32650564643498364 -0.4948948352767174 0.8052783151572532
usemtl none
f 60/172/43 63/171/43 61/170/43 58/169/43
f 59/176/44 60/175/44 58/174/44 57/173/44
f 64/180/45 59/179/45 57/178/45 62/177/45
f 63/184/46 64/183/46 62/182/46 61/181/46
f 62/188/47 57/187/47 58/186/47 61/185/47
f 63/192/48 60/191/48 59/190/48 64/189/48
o neck1
v 0.4157423694776257 0.8258732087818643 -0.4488719009234621
v 0.4157424144973583 0.7216843161914052 -1.039756555201073
v 0.00016859496545112984 0.039691580699116255 -0.31024691903756985
v 0.00016863998518373835 -0.06449731189134286 -0.9011315733151808
v -0.2495157005820129 1.0627345381894728 -1.099892953464611
v -0.2495157456017455 1.1669234307799319 -0.509008299187
v -0.6650894750941876 0.27655291010672456 -0.9612679715787187
v -0.6650895201139202 0.38074180269718366 -0.37038331730110774
vt 0.23046875 0.6328125
vt 0.25 0.6328125
vt 0.25 0.5859375
vt 0.23046875 0.5859375
vt 0.21484375 0.6328125
vt 0.23046875 0.6328125
vt 0.23046875 0.5859375
vt 0.21484375 0.5859375
vt 0.265625 0.6328125
vt 0.28515625 0.6328125
vt 0.28515625 0.5859375
vt 0.265625 0.5859375
vt 0.25 0.6328125
vt 0.265625 0.6328125
vt 0.265625 0.5859375
vt 0.25 0.5859375
vt 0.25 0.6328125
vt 0.23046875 0.6328125
vt 0.23046875 0.6640625
vt 0.25 0.6640625
vt 0.26953125 0.6640625
vt 0.25 0.6640625
vt 0.25 0.6328125
vt 0.26953125 0.6328125
vn 7.503288766697036e-8 -0.17364815431743186 -0.9848077571293515
vn 0.8870108201058287 -0.4547336293307565 0.08018186435138393
vn -7.503288766697036e-8 0.17364815431743186 0.9848077571293515
vn -0.8870108201058287 0.4547336293307565 -0.08018186435138393
vn 0.46174863834686086 0.8735351423141645 -0.15402775765099136
vn -0.46174863834686086 -0.8735351423141645 0.15402775765099136
usemtl none
f 68/196/49 71/195/49 69/194/49 66/193/49
f 67/200/50 68/199/50 66/198/50 65/197/50
f 72/204/51 67/203/51 65/202/51 70/201/51
f 71/208/52 72/207/52 70/206/52 69/205/52
f 70/212/53 65/211/53 66/210/53 69/209/53
f 71/216/54 68/215/54 67/214/54 72/213/54
o neck2
v 0.3492797165475512 0.9697112463312082 -1.0440300688103399
v 0.08044273320003481 0.6947079322260831 -1.401416209582202
v 0.263932083856504 0.911684676434139 -0.9351783403903705
v -0.004904899491012138 0.6366813623290138 -1.2925644811622328
v -0.016076272398641178 0.8085468491252358 -1.4164089597458838
v 0.2527607109488752 1.083550163230361 -1.0590228189740216
v -0.10142390508968813 0.7505202792281666 -1.3075572313259145
v 0.16741307825782803 1.0255235933332916 -0.9501710905540522
vt 0.140625 0.71875
vt 0.14453125 0.71875
vt 0.14453125 0.7109375
vt 0.140625 0.7109375
vt 0.1328125 0.71875
vt 0.140625 0.71875
vt 0.140625 0.7109375
vt 0.1328125 0.7109375
vt 0.15234375 0.71875
vt 0.15625 0.71875
vt 0.15625 0.7109375
vt 0.15234375 0.7109375
vt 0.14453125 0.71875
vt 0.15234375 0.71875
vt 0.15234375 0.7109375
vt 0.14453125 0.7109375
vt 0.14453125 0.71875
vt 0.140625 0.71875
vt 0.140625 0.734375
vt 0.14453125 0.734375
vt 0.1484375 0.734375
vt 0.14453125 0.734375
vt 0.14453125 0.71875
vt 0.1484375 0.71875
vn -0.5120704444714592 -0.5238158363907146 -0.6807355062321183
vn 0.6434600373245059 -0.7589261126610183 0.09995166775787803
vn 0.5120704444714592 0.5238158363907146 0.6807355062321183
vn -0.6434600373245059 0.7589261126610183 -0.09995166775787803
vn 0.5689842179403116 0.386843799313795 -0.7256781894664607
vn -0.5689842179403116 -0.386843799313795 0.7256781894664607
usemtl none
f 76/220/55 79/219/55 77/218/55 74/217/55
f 75/224/56 76/223/56 74/222/56 73/221/56
f 80/228/57 75/227/57 73/226/57 78/225/57
f 79/232/58 80/231/58 78/230/58 77/229/58
f 78/236/59 73/235/59 74/234/59 77/233/59
f 79/240/60 76/239/60 75/238/60 80/237/60
o neck2
v 0.30764627862737637 0.8723335310277304 -1.5153882609631997
v 0.07721457861521985 0.6366164046519088 -1.821719238767653
v 0.22229864593632964 0.8143069611306611 -1.4065365325432304
v -0.008133054075827317 0.5785898347548396 -1.7128675103476838
v -0.019304426983456136 0.7504553215510618 -1.8367119889313348
v 0.21112727302870038 0.9861724479268831 -1.5303810111268814
v -0.1046520596745033 0.6924287516539923 -1.7278602605113655
v 0.12577964033765343 0.9281458780298136 -1.4215292827069121
vt 0.140625 0.71875
vt 0.14453125 0.71875
vt 0.14453125 0.7109375
vt 0.140625 0.7109375
vt 0.1328125 0.71875
vt 0.140625 0.71875
vt 0.140625 0.7109375
vt 0.1328125 0.7109375
vt 0.15234375 0.71875
vt 0.15625 0.71875
vt 0.15625 0.7109375
vt 0.15234375 0.7109375
vt 0.14453125 0.71875
vt 0.15234375 0.71875
vt 0.15234375 0.7109375
vt 0.14453125 0.7109375
vt 0.14453125 0.71875
vt 0.140625 0.71875
vt 0.140625 0.734375
vt 0.14453125 0.734375
vt 0.1484375 0.734375
vt 0.14453125 0.734375
vt 0.14453125 0.71875
vt 0.1484375 0.71875
vn -0.5120704444714592 -0.5238158363907146 -0.6807355062321183
vn 0.6434600373245059 -0.7589261126610183 0.09995166775787803
vn 0.5120704444714592 0.5238158363907146 0.6807355062321183
vn -0.6434600373245059 0.7589261126610183 -0.09995166775787803
vn 0.5689842179403116 0.386843799313795 -0.7256781894664607
vn -0.5689842179403116 -0.386843799313795 0.7256781894664607
usemtl none
f 84/244/61 87/243/61 85/242/61 82/241/61
f 83/248/62 84/247/62 82/246/62 81/245/62
f 88/252/63 83/251/63 81/250/63 86/249/63
f 87/256/64 88/255/64 86/254/64 85/253/64
f 86/260/65 81/259/65 82/258/65 85/257/65
f 87/264/66 84/263/66 83/262/66 88/261/66
o neck2
v 0.2513165193940541 0.6056427420484631 -0.9266302488530869
v 0.22345717066676496 0.44540454196651735 -1.9639573794743725
v -0.3224482821323251 0.13086133789178178 -0.8378802021127942
v -0.350307630859614 -0.029376862190164 -1.8752073327340801
v -0.1626188517279381 0.9007602095631286 -2.0239283801290995
v -0.13475950300064898 1.0609984096450744 -0.9866012495078136
v -0.7363836532543175 0.42597880540644684 -1.9351783333888068
v -0.7085243045270286 0.5862170054883926 -0.8978512027675212
vt 0.1171875 0.640625
vt 0.1328125 0.640625
vt 0.1328125 0.6015625
vt 0.1171875 0.6015625
vt 0.08984375 0.640625
vt 0.1171875 0.640625
vt 0.1171875 0.6015625
vt 0.08984375 0.6015625
vt 0.16015625 0.640625
vt 0.17578125 0.640625
vt 0.17578125 0.6015625
vt 0.16015625 0.6015625
vt 0.1328125 0.640625
vt 0.16015625 0.640625
vt 0.16015625 0.6015625
vt 0.1328125 0.6015625
vt 0.1328125 0.640625
vt 0.1171875 0.640625
vt 0.1171875 0.6953125
vt 0.1328125 0.6953125
vt 0.1484375 0.6953125
vt 0.1328125 0.6953125
vt 0.1328125 0.640625
vt 0.1484375 0.640625
vn -0.026532713073608577 -0.15260780960185308 -0.9879306005917006
vn 0.6434600373245059 -0.7589261126610183 0.09995166775787806
vn 0.026532713073608577 0.15260780960185308 0.9879306005917006
vn -0.6434600373245059 0.7589261126610183 -0.09995166775787806
vn 0.7650197353685063 0.6330418722089086 -0.11833339565372337
vn -0.7650197353685063 -0.6330418722089086 0.11833339565372337
usemtl none
f 92/268/67 95/267/67 93/266/67 90/265/67
f 91/272/68 92/271/68 90/270/68 89/269/68
f 96/276/69 91/275/69 89/274/69 94/273/69
f 95/280/70 96/279/70 94/278/70 93/277/70
f 94/284/71 89/283/71 90/282/71 93/281/71
f 95/288/72 92/287/72 91/286/72 96/285/72
o neck3
v 0.0784241453303065 0.4366034608725542 -1.849153551416545
v 0.11403042745097425 0.33916971496462556 -3.0446613338386808
v -0.4527330480287004 0.15763356990791988 -1.8422372028016527
v -0.41712676590803266 0.06019982399999124 -3.0377449852237888
v -0.09483492346354394 0.7358923980209788 -3.083214906123536
v -0.13044120558421168 0.8333261439289075 -1.8877071237014003
v -0.6259921168225508 0.4569225070563445 -3.076298557508644
v -0.6615983989432186 0.5543562529642732 -1.880790775086508
vt 0.125 0.4453125
vt 0.13671875 0.4453125
vt 0.13671875 0.4140625
vt 0.125 0.4140625
vt 0.09375 0.4453125
vt 0.125 0.4453125
vt 0.125 0.4140625
vt 0.09375 0.4140625
vt 0.16796875 0.4453125
vt 0.1796875 0.4453125
vt 0.1796875 0.4140625
vt 0.16796875 0.4140625
vt 0.13671875 0.4453125
vt 0.16796875 0.4453125
vt 0.16796875 0.4140625
vt 0.13671875 0.4140625
vt 0.13671875 0.4453125
vt 0.125 0.4453125
vt 0.125 0.5078125
vt 0.13671875 0.5078125
vt 0.1484375 0.5078125
vt 0.13671875 0.5078125
vt 0.13671875 0.4453125
vt 0.1484375 0.4453125
vn 0.029671901767222793 -0.0811947882566072 -0.9962564853517799
vn 0.4641452242544845 -0.8816059623474516 0.08567460507745636
vn -0.029671901767222793 0.0811947882566072 0.9962564853517799
vn -0.4641452242544845 0.8816059623474516 -0.08567460507745636
vn 0.8852619889316783 0.46494981827439025 -0.011527247691486813
vn -0.8852619889316783 -0.46494981827439025 0.011527247691486813
usemtl none
f 100/292/73 103/291/73 101/290/73 98/289/73
f 99/296/74 100/295/74 98/294/74 97/293/74
f 104/300/75 99/299/75 97/298/75 102/297/75
f 103/304/76 104/303/76 102/302/76 101/301/76
f 102/308/77 97/307/77 98/306/77 101/305/77
f 103/312/78 100/311/78 99/310/78 104/309/78
o neck3
v 0.22486577452437606 0.6739569692268834 -1.9509096629892735
v -0.020971674531410578 0.5114787098267414 -2.291004890630068
v 0.12028236080376997 0.6283597861135124 -1.8535279066553978
v -0.12555508825201667 0.46588152671337035 -2.1936231342961925
v -0.09059345816958331 0.6437196041788593 -2.3038560813916864
v 0.15524399088620333 0.8061978635790013 -1.963760853750892
v -0.1951768718901894 0.5981224210654882 -2.206474325057811
v 0.05066057716559724 0.7606006804656302 -1.8663790974170162
vt 0.140625 0.71875
vt 0.14453125 0.71875
vt 0.14453125 0.7109375
vt 0.140625 0.7109375
vt 0.1328125 0.71875
vt 0.140625 0.71875
vt 0.140625 0.7109375
vt 0.1328125 0.7109375
vt 0.15234375 0.71875
vt 0.15625 0.71875
vt 0.15625 0.7109375
vt 0.15234375 0.7109375
vt 0.14453125 0.71875
vt 0.15234375 0.71875
vt 0.15234375 0.7109375
vt 0.14453125 0.7109375
vt 0.14453125 0.71875
vt 0.140625 0.71875
vt 0.140625 0.734375
vt 0.14453125 0.734375
vt 0.1484375 0.734375
vt 0.14453125 0.734375
vt 0.14453125 0.71875
vt 0.1484375 0.71875
vn -0.5463054423461919 -0.3610627986669821 -0.755767172535099
vn 0.46414522425448457 -0.8816059623474517 0.08567460507745636
vn 0.5463054423461919 0.3610627986669821 0.755767172535099
vn -0.46414522425448457 0.8816059623474517 -0.08567460507745636
vn 0.6972227581373732 0.303981220755806 -0.6492117088925029
vn -0.6972227581373732 -0.303981220755806 0.6492117088925029
usemtl none
f 108/316/79 111/315/79 109/314/79 106/313/79
f 107/320/80 108/319/80 106/318/80 105/317/80
f 112/324/81 107/323/81 105/322/81 110/321/81
f 111/328/82 112/327/82 110/326/82 109/325/82
f 110/332/83 105/331/83 106/330/83 109/329/83
f 111/336/84 108/335/84 107/334/84 112/333/84
o neck3
v 0.2728873814391628 0.6557937181635056 -2.397971308724134
v 0.027049932383376607 0.4933154587633637 -2.7380665363649284
v 0.1683039677185567 0.6101965350501348 -2.3005895523902584
v -0.07753348133722948 0.4477182756499929 -2.6406847800310533
v -0.04257185125479612 0.6255563531154813 -2.750917727126547
v 0.20326559780099007 0.7880346125156235 -2.4108224994857523
v -0.1471552649754022 0.5799591700021106 -2.653535970792672
v 0.09868218408038398 0.7424374294022527 -2.313440743151877
vt 0.140625 0.71875
vt 0.14453125 0.71875
vt 0.14453125 0.7109375
vt 0.140625 0.7109375
vt 0.1328125 0.71875
vt 0.140625 0.71875
vt 0.140625 0.7109375
vt 0.1328125 0.7109375
vt 0.15234375 0.71875
vt 0.15625 0.71875
vt 0.15625 0.7109375
vt 0.15234375 0.7109375
vt 0.14453125 0.71875
vt 0.15234375 0.71875
vt 0.15234375 0.7109375
vt 0.14453125 0.7109375
vt 0.14453125 0.71875
vt 0.140625 0.71875
vt 0.140625 0.734375
vt 0.14453125 0.734375
vt 0.1484375 0.734375
vt 0.14453125 0.734375
vt 0.14453125 0.71875
vt 0.1484375 0.71875
vn -0.5463054423461919 -0.3610627986669821 -0.755767172535099
vn 0.46414522425448457 -0.8816059623474517 0.08567460507745636
vn 0.5463054423461919 0.3610627986669821 0.755767172535099
vn -0.46414522425448457 0.8816059623474517 -0.08567460507745636
vn 0.6972227581373732 0.303981220755806 -0.6492117088925029
vn -0.6972227581373732 -0.303981220755806 0.6492117088925029
usemtl none
f 116/340/85 119/339/85 117/338/85 114/337/85
f 115/344/86 116/343/86 114/342/86 113/341/86
f 120/348/87 115/347/87 113/346/87 118/345/87
f 119/352/88 120/351/88 118/350/88 117/349/88
f 118/356/89 113/355/89 114/354/89 117/353/89
f 119/360/90 116/359/90 115/358/90 120/357/90
o heads
v 0.11076023933364532 0.7407967549366579 -2.8219236515226562
v -0.2209970729575872 0.40668398543124534 -3.1938184525009983
v -0.1222934375353173 0.7634563029973029 -2.634380247001077
v -0.4540507498265498 0.4293435334918903 -3.006275047979419
v -0.2661918047666756 0.530759274263312 -3.264971519321367
v 0.06556550752455692 0.8648720437687247 -2.893076718343025
v -0.4992454816356382 0.5534188223239571 -3.0774281147997877
v -0.1674881693444057 0.8875315918293698 -2.7055333138214457
vt 0.24609375 0.703125
vt 0.25 0.703125
vt 0.25 0.6875
vt 0.24609375 0.6875
vt 0.23046875 0.703125
vt 0.24609375 0.703125
vt 0.24609375 0.6875
vt 0.23046875 0.6875
vt 0.265625 0.703125
vt 0.26953125 0.703125
vt 0.26953125 0.6875
vt 0.265625 0.6875
vt 0.25 0.703125
vt 0.265625 0.703125
vt 0.265625 0.6875
vt 0.25 0.6875
vt 0.25 0.703125
vt 0.24609375 0.703125
vt 0.24609375 0.734375
vt 0.25 0.734375
vt 0.25390625 0.734375
vt 0.25 0.734375
vt 0.25 0.703125
vt 0.25390625 0.703125
vn -0.5529288538187209 -0.5568546158423541 -0.619824668297237
vn 0.3012982120605881 -0.8271685922137779 0.4743537788024564
vn 0.5529288538187209 0.5568546158423541 0.619824668297237
vn -0.3012982120605881 0.8271685922137779 -0.4743537788024564
vn 0.7768455895632081 -0.07553182686881657 -0.625144681738596
vn -0.7768455895632081 0.07553182686881657 0.625144681738596
usemtl none
f 124/364/91 127/363/91 125/362/91 122/361/91
f 123/368/92 124/367/92 122/366/92 121/365/92
f 128/372/93 123/371/93 121/370/93 126/369/93
f 127/376/94 128/375/94 126/374/94 125/373/94
f 126/380/95 121/379/95 122/378/95 125/377/95
f 127/384/96 124/383/96 123/382/96 128/381/96
o heads
v -0.4645769919038838 0.7318159189369078 -2.539866382772466
v -0.49914599025926965 0.4173995246825885 -3.0497166699909966
v -0.6031762112404957 0.6876680031200182 -2.5032437404823944
v -0.6377452095958815 0.3732516088656989 -3.0130940277009244
v -0.5558519680863543 0.5372842910961402 -3.1198028659260184
v -0.5212829697309684 0.8517006853504594 -2.6099525787074884
v -0.6944511874229662 0.49313637527925075 -3.0831802236359467
v -0.6598821890675803 0.80755276953357 -2.5733299364174163
vt 0.15625 0.75
vt 0.16015625 0.75
vt 0.16015625 0.7421875
vt 0.15625 0.7421875
vt 0.140625 0.75
vt 0.15625 0.75
vt 0.15625 0.7421875
vt 0.140625 0.7421875
vt 0.17578125 0.75
vt 0.1796875 0.75
vt 0.1796875 0.7421875
vt 0.17578125 0.7421875
vt 0.16015625 0.75
vt 0.17578125 0.75
vt 0.17578125 0.7421875
vt 0.16015625 0.7421875
vt 0.16015625 0.75
vt 0.15625 0.75
vt 0.15625 0.78125
vt 0.16015625 0.78125
vt 0.1640625 0.78125
vt 0.16015625 0.78125
vt 0.16015625 0.75
vt 0.1640625 0.75
vn -0.057614997258976536 -0.5240273237571988 -0.8497504786975505
vn 0.37803985218056413 -0.7992317760903452 0.4672413062334811
vn 0.057614997258976536 0.5240273237571988 0.8497504786975505
vn -0.37803985218056413 0.7992317760903452 -0.4672413062334811
vn 0.9239947955774133 0.294319438779263 -0.24415094860048012
vn -0.9239947955774133 -0.294319438779263 0.24415094860048012
usemtl none
f 132/388/97 135/387/97 133/386/97 130/385/97
f 131/392/98 132/391/98 130/390/98 129/389/98
f 136/396/99 131/395/99 129/394/99 134/393/99
f 135/400/100 136/399/100 134/398/100 133/397/100
f 134/404/101 129/403/101 130/402/101 133/401/101
f 135/408/102 132/407/102 131/406/102 136/405/102
o heads
v -0.26532041248781213 0.7194336940986619 -2.722262918012207
v -0.29124716125435146 0.48362139840792245 -3.1046506334261044
v -0.40391963182442425 0.6752857782817727 -2.6856402757221347
v -0.4298463805909636 0.4394734825910333 -3.068027991136032
v -0.3479531390814361 0.6035061648214746 -3.1747368293611267
v -0.32202639031489677 0.8393184605122139 -2.7923491139472287
v -0.4865523584180482 0.559358249004585 -3.138114187071055
v -0.4606256096515089 0.7951705446953243 -2.755726471657157
vt 0.15625 0.75
vt 0.16015625 0.75
vt 0.16015625 0.7421875
vt 0.15625 0.7421875
vt 0.140625 0.75
vt 0.15625 0.75
vt 0.15625 0.7421875
vt 0.140625 0.7421875
vt 0.17578125 0.75
vt 0.1796875 0.75
vt 0.1796875 0.7421875
vt 0.17578125 0.7421875
vt 0.16015625 0.75
vt 0.17578125 0.75
vt 0.17578125 0.7421875
vt 0.16015625 0.7421875
vt 0.16015625 0.75
vt 0.15625 0.75
vt 0.15625 0.78125
vt 0.16015625 0.78125
vt 0.1640625 0.78125
vt 0.16015625 0.78125
vt 0.16015625 0.75
vt 0.1640625 0.75
vn -0.057614997258976536 -0.5240273237571988 -0.8497504786975505
vn 0.37803985218056413 -0.7992317760903452 0.4672413062334811
vn 0.057614997258976536 0.5240273237571988 0.8497504786975505
vn -0.37803985218056413 0.7992317760903452 -0.4672413062334811
vn 0.9239947955774133 0.294319438779263 -0.24415094860048012
vn -0.9239947955774133 -0.294319438779263 0.24415094860048012
usemtl none
f 140/412/103 143/411/103 141/410/103 138/409/103
f 139/416/104 140/415/104 138/414/104 137/413/104
f 144/420/105 139/419/105 137/418/105 142/417/105
f 143/424/106 144/423/106 142/422/106 141/421/106
f 142/428/107 137/427/107 138/426/107 141/425/107
f 143/432/108 140/431/108 139/430/108 144/429/108
o heads
v 0.24839633590778165 0.02110043990732141 -2.7703250422894334
v -0.16896878710287733 0.05310372010545217 -3.2001879787597196
v 0.03589811844284929 -0.04414885508736949 -2.5688627950148586
v -0.3814670045678097 -0.01214557488923873 -2.998725731485145
v -0.18696945443634472 0.19929407291373058 -3.1718267954039265
v 0.23039566857431426 0.16729079271559985 -2.7419638589336404
v -0.3994676719012771 0.13404477791903968 -2.970364548129352
v 0.0178974511093819 0.10204149772090895 -2.5405016116590655
vt 0.24609375 0.703125
vt 0.25 0.703125
vt 0.25 0.6875
vt 0.24609375 0.6875
vt 0.23046875 0.703125
vt 0.24609375 0.703125
vt 0.24609375 0.6875
vt 0.23046875 0.6875
vt 0.265625 0.703125
vt 0.26953125 0.703125
vt 0.26953125 0.6875
vt 0.265625 0.6875
vt 0.25 0.703125
vt 0.265625 0.703125
vt 0.265625 0.6875
vt 0.25 0.6875
vt 0.25 0.703125
vt 0.24609375 0.703125
vt 0.24609375 0.734375
vt 0.25 0.734375
vt 0.25390625 0.734375
vt 0.25 0.734375
vt 0.25 0.703125
vt 0.25390625 0.703125
vn -0.6956085383510984 0.05333880033021776 -0.7164382274504772
vn 0.12000444888978025 -0.9746023520551904 -0.189074555705286
vn 0.6956085383510984 -0.05333880033021776 0.7164382274504772
vn -0.12000444888978025 0.9746023520551904 0.189074555705286
vn 0.7083273915497755 0.21749764998230287 -0.6715408242485835
vn -0.7083273915497755 -0.21749764998230287 0.6715408242485835
usemtl none
f 148/436/109 151/435/109 149/434/109 146/433/109
f 147/440/110 148/439/110 146/438/110 145/437/110
f 152/444/111 147/443/111 145/442/111 150/441/111
f 151/448/112 152/447/112 150/446/112 149/445/112
f 150/452/113 145/451/113 146/450/113 149/449/113
f 151/456/114 148/455/114 147/454/114 152/453/114
o heads
v -0.2342991329456774 -0.1612515450807832 -2.3161029281219077
v -0.30044063140639055 -0.1095146538153351 -2.6041109076355986
v -0.38049443536277594 -0.17291354743631304 -2.284623867585852
v -0.4466359338234891 -0.12117665617086493 -2.572631847099543
v -0.30620770141774956 0.03777696584310464 -2.5763274650505323
v -0.2400662029570364 -0.0139599254223437 -2.2883194855368414
v -0.4524030038348481 0.026114963487574805 -2.5448484045144766
v -0.38626150537413495 -0.025621927777873532 -2.2568404250007856
vt 0.533203125 0.8984375
vt 0.537109375 0.8984375
vt 0.537109375 0.890625
vt 0.533203125 0.890625
vt 0.525390625 0.8984375
vt 0.533203125 0.8984375
vt 0.533203125 0.890625
vt 0.525390625 0.890625
vt 0.544921875 0.8984375
vt 0.548828125 0.8984375
vt 0.548828125 0.890625
vt 0.544921875 0.890625
vt 0.537109375 0.8984375
vt 0.544921875 0.8984375
vt 0.544921875 0.890625
vt 0.537109375 0.890625
vt 0.537109375 0.8984375
vt 0.533203125 0.8984375
vt 0.533203125 0.9140625
vt 0.537109375 0.9140625
vt 0.541015625 0.9140625
vt 0.537109375 0.9140625
vt 0.537109375 0.8984375
vt 0.541015625 0.8984375
vn -0.22047166153571052 0.1724563042181608 -0.9600265983789701
vn 0.038447133409059545 -0.9819441310562638 -0.18522295056710833
vn 0.22047166153571052 -0.1724563042181608 0.9600265983789701
vn -0.038447133409059545 0.9819441310562638 0.18522295056710833
vn 0.974635349447325 0.07774668237019912 -0.20986040357370486
vn -0.974635349447325 -0.07774668237019912 0.20986040357370486
usemtl none
f 156/460/115 159/459/115 157/458/115 154/457/115
f 155/464/116 156/463/116 154/462/116 153/461/116
f 160/468/117 155/467/117 153/466/117 158/465/117
f 159/472/118 160/471/118 158/470/118 157/469/118
f 158/476/119 153/475/119 154/474/119 157/473/119
f 159/480/120 156/479/120 155/478/120 160/477/120
o heads
v 0.9168002705592535 0.10648863877149692 -2.0855999921912645
v 0.6825497654877917 -0.018197854950869286 -2.3505622143230007
v 0.8152035847794075 0.07354604424791861 -1.9802771603616638
v 0.5809530797079456 -0.05114044947444757 -2.2452393824934
v 0.6534019286111312 0.05059042528524843 -2.3571634344805865
v 0.8876524336825931 0.17527691900761463 -2.0922012123488507
v 0.5518052428312852 0.017647830761670147 -2.2518406026509856
v 0.786055747902747 0.14233432448403635 -1.9868783805192496
vt 0.19140625 0.6953125
vt 0.1953125 0.6953125
vt 0.1953125 0.6875
vt 0.19140625 0.6875
vt 0.1796875 0.6953125
vt 0.19140625 0.6953125
vt 0.19140625 0.6875
vt 0.1796875 0.6875
vt 0.20703125 0.6953125
vt 0.2109375 0.6953125
vt 0.2109375 0.6875
vt 0.20703125 0.6875
vt 0.1953125 0.6953125
vt 0.20703125 0.6953125
vt 0.20703125 0.6875
vt 0.1953125 0.6875
vt 0.1953125 0.6953125
vt 0.19140625 0.6953125
vt 0.19140625 0.71875
vt 0.1953125 0.71875
vt 0.19921875 0.71875
vt 0.1953125 0.71875
vt 0.1953125 0.6953125
vt 0.19921875 0.6953125
vn -0.6246680135238986 -0.33249731659297654 -0.706565925684629
vn 0.38863782502214084 -0.9171770698149035 0.08801626876781099
vn 0.6246680135238986 0.33249731659297654 0.706565925684629
vn -0.38863782502214084 0.9171770698149035 -0.08801626876781099
vn 0.6773112385323062 0.2196172968238556 -0.7021522121973383
vn -0.6773112385323062 -0.2196172968238556 0.7021522121973383
usemtl none
f 164/484/121 167/483/121 165/482/121 162/481/121
f 163/488/122 164/487/122 162/486/122 161/485/122
f 168/492/123 163/491/123 161/490/123 166/489/123
f 167/496/124 168/495/124 166/494/124 165/493/124
f 166/500/125 161/499/125 162/498/125 165/497/125
f 167/504/126 164/503/126 163/502/126 168/501/126
o heads
v 0.6699276475897471 -0.05294912976830973 -2.373607038741138
v 0.17478797296526194 0.03384001045318302 -2.824083839200799
v 0.5683309590616172 -0.08589171058519579 -2.2682842052754504
v 0.07319128443713208 0.0008974296362969647 -2.7187610057351113
v 0.1663450244569713 0.17890143960603969 -2.786856182913879
v 0.6614846990814565 0.09211229938454699 -2.336379382454218
v 0.06474833592884144 0.14595885878915363 -2.681533349448191
v 0.5598880105533266 0.0591697185676609 -2.2310565489885303
vt 0.19140625 0.6953125
vt 0.1953125 0.6953125
vt 0.1953125 0.6875
vt 0.19140625 0.6875
vt 0.1796875 0.6953125
vt 0.19140625 0.6953125
vt 0.19140625 0.6875
vt 0.1796875 0.6875
vt 0.20703125 0.6953125
vt 0.2109375 0.6953125
vt 0.2109375 0.6875
vt 0.20703125 0.6875
vt 0.1953125 0.6953125
vt 0.20703125 0.6953125
vt 0.20703125 0.6875
vt 0.1953125 0.6875
vt 0.1953125 0.6953125
vt 0.19140625 0.6953125
vt 0.19140625 0.71875
vt 0.1953125 0.71875
vt 0.19921875 0.71875
vt 0.1953125 0.71875
vt 0.1953125 0.6953125
vt 0.19921875 0.6953125
vn -0.7335402587029408 0.12857650403184087 -0.6673730377180161
vn 0.056286323388603704 -0.9670761943523791 -0.24818437524613307
vn 0.7335402587029408 -0.12857650403184087 0.6673730377180161
vn -0.056286323388603704 0.9670761943523791 0.24818437524613307
vn 0.6773112568542002 0.2196172054459073 -0.702152223104587
vn -0.6773112568542002 -0.2196172054459073 0.702152223104587
usemtl none
f 172/508/127 175/507/127 173/506/127 170/505/127
f 171/512/128 172/511/128 170/510/128 169/509/128
f 176/516/129 171/515/129 169/514/129 174/513/129
f 175/520/130 176/519/130 174/518/130 173/517/130
f 174/524/131 169/523/131 170/522/131 173/521/131
f 175/528/132 172/527/132 171/526/132 176/525/132
o heads
v -0.27273832411675825 -0.07701826528589162 -2.4936086050108672
v -0.4643956823558253 -0.030175571749299357 -2.7196024524825604
v -0.3878277714118594 -0.10716162753514846 -2.40225327219653
v -0.5794851296509265 -0.0603189339985562 -2.6282471196682233
v -0.4686171566099704 0.0423551428271291 -2.7009886243391
v -0.27695979837090334 -0.004487550709463162 -2.474994776867407
v -0.5837066039050716 0.012211780577872255 -2.6096332915247635
v -0.3920492456660045 -0.034630912958720006 -2.3836394440530704
vt 0.19140625 0.6953125
vt 0.1953125 0.6953125
vt 0.1953125 0.6875
vt 0.19140625 0.6875
vt 0.1796875 0.6953125
vt 0.19140625 0.6953125
vt 0.19140625 0.6875
vt 0.1796875 0.6875
vt 0.20703125 0.6953125
vt 0.2109375 0.6953125
vt 0.2109375 0.6875
vt 0.20703125 0.6875
vt 0.1953125 0.6953125
vt 0.20703125 0.6953125
vt 0.20703125 0.6875
vt 0.1953125 0.6875
vt 0.1953125 0.6953125
vt 0.19140625 0.6953125
vt 0.19140625 0.71875
vt 0.1953125 0.71875
vt 0.19921875 0.71875
vt 0.1953125 0.71875
vt 0.1953125 0.6953125
vt 0.19921875 0.6953125
vn -0.6388578607968901 0.15614231178864074 -0.7533128249056432
vn 0.05628632338860377 -0.9670761943523791 -0.24818437524613313
vn 0.6388578607968901 -0.15614231178864074 0.7533128249056432
vn -0.05628632338860377 0.9670761943523791 0.24818437524613313
vn 0.7672629819673403 0.20095574832837895 -0.6090355520955786
vn -0.7672629819673403 -0.20095574832837895 0.6090355520955786
usemtl none
f 180/532/133 183/531/133 181/530/133 178/529/133
f 179/536/134 180/535/134 178/534/134 177/533/134
f 184/540/135 179/539/135 177/538/135 182/537/135
f 183/544/136 184/543/136 182/542/136 181/541/136
f 182/548/137 177/547/137 178/546/137 181/545/137
f 183/552/138 180/551/138 179/550/138 184/549/138
o heads
v -0.15452197958775837 -0.15674243437763552 -2.1561445347684653
v -0.1530993705977266 -0.0634485036018077 -2.5193513885915406
v -0.30428309874046855 -0.16477863802076848 -2.158795312226855
v -0.3028604897504368 -0.07148470724494066 -2.52200216604993
v -0.15732084485187192 0.009082210974620641 -2.5007375604480804
v -0.1587434538419037 -0.08421171980120717 -2.1375307066250055
v -0.3070819640045821 0.001046007331487686 -2.50338833790647
v -0.30850457299461387 -0.09224792344434013 -2.1401814840833953
vt 0.19140625 0.6953125
vt 0.1953125 0.6953125
vt 0.1953125 0.6875
vt 0.19140625 0.6875
vt 0.1796875 0.6953125
vt 0.19140625 0.6953125
vt 0.19140625 0.6875
vt 0.1796875 0.6875
vt 0.20703125 0.6953125
vt 0.2109375 0.6953125
vt 0.2109375 0.6875
vt 0.20703125 0.6875
vt 0.1953125 0.6953125
vt 0.20703125 0.6953125
vt 0.20703125 0.6875
vt 0.1953125 0.6875
vt 0.1953125 0.6953125
vt 0.19140625 0.6953125
vt 0.19140625 0.71875
vt 0.1953125 0.71875
vt 0.19921875 0.71875
vt 0.1953125 0.71875
vt 0.1953125 0.6953125
vt 0.19921875 0.6953125
vn 0.0037936239734177764 0.2487838154022077 -0.9685516101948667
vn 0.05628632338860372 -0.9670761943523789 -0.24818437524613318
vn -0.0037936239734177764 -0.2487838154022077 0.9685516101948667
vn -0.05628632338860372 0.9670761943523789 0.24818437524613318
vn 0.9984074610180664 0.05357469095421976 0.017671849722596156
vn -0.9984074610180664 -0.05357469095421976 -0.017671849722596156
usemtl none
f 188/556/139 191/555/139 189/554/139 186/553/139
f 187/560/140 188/559/140 186/558/140 185/557/140
f 192/564/141 187/563/141 185/562/141 190/561/141
f 191/568/142 192/567/142 190/566/142 189/565/142
f 190/572/143 185/571/143 186/570/143 189/569/143
f 191/576/144 188/575/144 187/574/144 192/573/144
o heads
v 0.4384531553061366 1.072941377115634 -2.446323616475078
v 0.27257449916052034 0.9058849923629276 -2.6322710169642494
v 0.3219263168716553 1.0842711511459564 -2.3525519142142888
v 0.15604766072603904 0.9172147663932502 -2.53849931470346
v 0.22737976735143195 1.0299602811949944 -2.7034240837846175
v 0.3932584234970482 1.1970166659477006 -2.5174766832954467
v 0.11085292891695087 1.0412900552253168 -2.609652381523828
v 0.2767315850625671 1.208346439978023 -2.4237049810346574
vt 0.533203125 0.8984375
vt 0.537109375 0.8984375
vt 0.537109375 0.890625
vt 0.533203125 0.890625
vt 0.525390625 0.8984375
vt 0.533203125 0.8984375
vt 0.533203125 0.890625
vt 0.525390625 0.890625
vt 0.544921875 0.8984375
vt 0.548828125 0.8984375
vt 0.548828125 0.890625
vt 0.544921875 0.890625
vt 0.537109375 0.8984375
vt 0.544921875 0.8984375
vt 0.544921875 0.890625
vt 0.537109375 0.890625
vt 0.537109375 0.8984375
vt 0.533203125 0.8984375
vt 0.533203125 0.9140625
vt 0.537109375 0.9140625
vt 0.541015625 0.9140625
vt 0.537109375 0.9140625
vt 0.537109375 0.8984375
vt 0.541015625 0.8984375
vn -0.5529288538187209 -0.5568546158423541 -0.619824668297237
vn 0.3012982120605881 -0.8271685922137779 0.4743537788024564
vn 0.5529288538187209 0.5568546158423541 0.619824668297237
vn -0.3012982120605881 0.8271685922137779 -0.4743537788024564
vn 0.7768455895632081 -0.07553182686881657 -0.625144681738596
vn -0.7768455895632081 0.07553182686881657 0.625144681738596
usemtl none
f 196/580/145 199/579/145 197/578/145 194/577/145
f 195/584/146 196/583/146 194/582/146 193/581/146
f 200/588/147 195/587/147 193/586/147 198/585/147
f 199/592/148 200/591/148 198/590/148 197/589/148
f 198/596/149 193/595/149 194/594/149 197/593/149
f 199/600/150 196/599/150 195/598/150 200/597/150
o heads
