# Made in Blockbench 4.0.5
mtllib materials.mtl

o bda
v 0.0725 1.3601848449918559 0.8500895175850642
v 0.0725 1.052593395175708 0.5424980677689162
v 0.0725 1.2576543617198066 0.9526200008571137
v 0.0725 0.9500629119036583 0.6450285510409657
v -0.0725 1.052593395175708 0.5424980677689162
v -0.0725 1.3601848449918559 0.8500895175850642
v -0.0725 0.9500629119036583 0.6450285510409657
v -0.0725 1.2576543617198066 0.9526200008571137
vt 0.09765625 0.7109375
vt 0.1015625 0.7109375
vt 0.1015625 0.703125
vt 0.09765625 0.703125
vt 0.0859375 0.7109375
vt 0.09765625 0.7109375
vt 0.09765625 0.703125
vt 0.0859375 0.703125
vt 0.11328125 0.7109375
vt 0.1171875 0.7109375
vt 0.1171875 0.703125
vt 0.11328125 0.703125
vt 0.1015625 0.7109375
vt 0.11328125 0.7109375
vt 0.11328125 0.703125
vt 0.1015625 0.703125
vt 0.1015625 0.7109375
vt 0.09765625 0.7109375
vt 0.09765625 0.734375
vt 0.1015625 0.734375
vt 0.10546875 0.734375
vt 0.1015625 0.734375
vt 0.1015625 0.7109375
vt 0.10546875 0.7109375
vn 0 -0.7071067811865476 -0.7071067811865475
vn 1 0 0
vn 0 0.7071067811865476 0.7071067811865475
vn -1 0 0
vn 0 0.7071067811865475 -0.7071067811865476
vn 0 -0.7071067811865475 0.7071067811865476
usemtl none
f 4/4/1 7/3/1 5/2/1 2/1/1
f 3/8/2 4/7/2 2/6/2 1/5/2
f 8/12/3 3/11/3 1/10/3 6/9/3
f 7/16/4 8/15/4 6/14/4 5/13/4
f 6/20/5 1/19/5 2/18/5 5/17/5
f 7/24/6 4/23/6 3/22/6 8/21/6
o bda
v 0.0725 1.2876843028333225 1.2850892350023577
v 0.0725 0.9800928530171746 0.9774977851862096
v 0.0725 1.1851538195612732 1.387619718274407
v 0.0725 0.8775623697451254 1.080028268458259
v -0.0725 0.9800928530171746 0.9774977851862096
v -0.0725 1.2876843028333225 1.2850892350023577
v -0.0725 0.8775623697451254 1.080028268458259
v -0.0725 1.1851538195612732 1.387619718274407
vt 0.09765625 0.7109375
vt 0.1015625 0.7109375
vt 0.1015625 0.703125
vt 0.09765625 0.703125
vt 0.0859375 0.7109375
vt 0.09765625 0.7109375
vt 0.09765625 0.703125
vt 0.0859375 0.703125
vt 0.11328125 0.7109375
vt 0.1171875 0.7109375
vt 0.1171875 0.703125
vt 0.11328125 0.703125
vt 0.1015625 0.7109375
vt 0.11328125 0.7109375
vt 0.11328125 0.703125
vt 0.1015625 0.703125
vt 0.1015625 0.7109375
vt 0.09765625 0.7109375
vt 0.09765625 0.734375
vt 0.1015625 0.734375
vt 0.10546875 0.734375
vt 0.1015625 0.734375
vt 0.1015625 0.7109375
vt 0.10546875 0.7109375
vn 0 -0.7071067811865476 -0.7071067811865475
vn 1 0 0
vn 0 0.7071067811865476 0.7071067811865475
vn -1 0 0
vn 0 0.7071067811865475 -0.7071067811865476
vn 0 -0.7071067811865475 0.7071067811865476
usemtl none
f 12/28/7 15/27/7 13/26/7 10/25/7
f 11/32/8 12/31/8 10/30/8 9/29/8
f 16/36/9 11/35/9 9/34/9 14/33/9
f 15/40/10 16/39/10 14/38/10 13/37/10
f 14/44/11 9/43/11 10/42/11 13/41/11
f 15/48/12 12/47/12 11/46/12 16/45/12
o bda
v 0.5075 1.0078065999746189 1.410517951306911
v 0.5075 1.0962696788634916 0.39938033274378926
v 0.5075 0.1411172126348006 1.3346924551164485
v 0.5075 0.22958029152367354 0.32355483655332673
v -0.5075 1.0962696788634916 0.39938033274378926
v -0.5075 1.0078065999746189 1.410517951306911
v -0.5075 0.22958029152367354 0.32355483655332673
v -0.5075 0.1411172126348006 1.3346924551164485
vt 0.390625 0.578125
vt 0.41796875 0.578125
vt 0.41796875 0.53125
vt 0.390625 0.53125
vt 0.36328125 0.578125
vt 0.390625 0.578125
vt 0.390625 0.53125
vt 0.36328125 0.53125
vt 0.4453125 0.578125
vt 0.47265625 0.578125
vt 0.47265625 0.53125
vt 0.4453125 0.53125
vt 0.41796875 0.578125
vt 0.4453125 0.578125
vt 0.4453125 0.53125
vt 0.41796875 0.53125
vt 0.41796875 0.578125
vt 0.390625 0.578125
vt 0.390625 0.6328125
vt 0.41796875 0.6328125
vt 0.4453125 0.6328125
vt 0.41796875 0.6328125
vt 0.41796875 0.578125
vt 0.4453125 0.578125
vn 0 0.08715574274765818 -0.9961946980917455
vn 1 0 0
vn 0 -0.08715574274765818 0.9961946980917455
vn -1 0 0
vn 0 0.9961946980917455 0.08715574274765818
vn 0 -0.9961946980917455 -0.08715574274765818
usemtl none
f 20/52/13 23/51/13 21/50/13 18/49/13
f 19/56/14 20/55/14 18/54/14 17/53/14
f 24/60/15 19/59/15 17/58/15 22/57/15
f 23/64/16 24/63/16 22/62/16 21/61/16
f 22/68/17 17/67/17 18/66/17 21/65/17
f 23/72/18 20/71/18 19/70/18 24/69/18
o bdb
v 0.0725 1.3888196013597829 0.4281409460505058
v 0.0725 1.055590268603028 0.1485283358368613
v 0.0725 1.295615397955235 0.5392173903027576
v 0.0725 0.9623860651984797 0.25960478008911314
v -0.0725 1.055590268603028 0.1485283358368613
v -0.0725 1.3888196013597829 0.4281409460505058
v -0.0725 0.9623860651984797 0.25960478008911314
v -0.0725 1.295615397955235 0.5392173903027576
vt 0.09765625 0.7109375
vt 0.1015625 0.7109375
vt 0.1015625 0.703125
vt 0.09765625 0.703125
vt 0.0859375 0.7109375
vt 0.09765625 0.7109375
vt 0.09765625 0.703125
vt 0.0859375 0.703125
vt 0.11328125 0.7109375
vt 0.1171875 0.7109375
vt 0.1171875 0.703125
vt 0.11328125 0.703125
vt 0.1015625 0.7109375
vt 0.11328125 0.7109375
vt 0.11328125 0.703125
vt 0.1015625 0.703125
vt 0.1015625 0.7109375
vt 0.09765625 0.7109375
vt 0.09765625 0.734375
vt 0.1015625 0.734375
vt 0.10546875 0.734375
vt 0.1015625 0.734375
vt 0.1015625 0.7109375
vt 0.10546875 0.7109375
vn 0 -0.766044443118978 -0.6427876096865393
vn 1 0 0
vn 0 0.766044443118978 0.6427876096865393
vn -1 0 0
vn 0 0.6427876096865393 -0.766044443118978
vn 0 -0.6427876096865393 0.766044443118978
usemtl none
f 28/76/19 31/75/19 29/74/19 26/73/19
f 27/80/20 28/79/20 26/78/20 25/77/20
f 32/84/21 27/83/21 25/82/21 30/81/21
f 31/88/22 32/87/22 30/86/22 29/85/22
f 30/92/23 25/91/23 26/90/23 29/89/23
f 31/96/24 28/95/24 27/94/24 32/93/24
o bdb
v 0.0725 1.3572261182369487 0.06702071081732186
v 0.0725 1.023996785480193 -0.21259189939632273
v 0.0725 1.2640219148324003 0.17809715506957347
v 0.0725 0.9307925820756451 -0.10151545514407112
v -0.0725 1.023996785480193 -0.21259189939632273
v -0.0725 1.3572261182369487 0.06702071081732186
v -0.0725 0.9307925820756451 -0.10151545514407112
v -0.0725 1.2640219148324003 0.17809715506957347
vt 0.09765625 0.7109375
vt 0.1015625 0.7109375
vt 0.1015625 0.703125
vt 0.09765625 0.703125
vt 0.0859375 0.7109375
vt 0.09765625 0.7109375
vt 0.09765625 0.703125
vt 0.0859375 0.703125
vt 0.11328125 0.7109375
vt 0.1171875 0.7109375
vt 0.1171875 0.703125
vt 0.11328125 0.703125
vt 0.1015625 0.7109375
vt 0.11328125 0.7109375
vt 0.11328125 0.703125
vt 0.1015625 0.703125
vt 0.1015625 0.7109375
vt 0.09765625 0.7109375
vt 0.09765625 0.734375
vt 0.1015625 0.734375
vt 0.10546875 0.734375
vt 0.1015625 0.734375
vt 0.1015625 0.7109375
vt 0.10546875 0.7109375
vn 0 -0.766044443118978 -0.6427876096865393
vn 1 0 0
vn 0 0.766044443118978 0.6427876096865393
vn -1 0 0
vn 0 0.6427876096865393 -0.766044443118978
vn 0 -0.6427876096865393 0.766044443118978
usemtl none
f 36/100/25 39/99/25 37/98/25 34/97/25
f 35/104/26 36/103/26 34/102/26 33/101/26
f 40/108/27 35/107/27 33/106/27 38/105/27
f 39/112/28 40/111/28 38/110/28 37/109/28
f 38/116/29 33/115/29 34/114/29 37/113/29
f 39/120/30 36/119/30 35/118/30 40/117/30
o bdb
v 0.0725 1.2118881865460718 -0.36642776556147383
v 0.0725 0.9897352980415686 -0.5528361723705703
v 0.0725 1.1186839831415238 -0.255351321309222
v 0.0725 0.8965310946370202 -0.44175972811831843
v -0.0725 0.9897352980415686 -0.5528361723705703
v -0.0725 1.2118881865460718 -0.36642776556147383
v -0.0725 0.8965310946370202 -0.44175972811831843
v -0.0725 1.1186839831415238 -0.255351321309222
vt 0.140625 0.71875
vt 0.14453125 0.71875
vt 0.14453125 0.7109375
vt 0.140625 0.7109375
vt 0.1328125 0.71875
vt 0.140625 0.71875
vt 0.140625 0.7109375
vt 0.1328125 0.7109375
vt 0.15234375 0.71875
vt 0.15625 0.71875
vt 0.15625 0.7109375
vt 0.15234375 0.7109375
vt 0.14453125 0.71875
vt 0.15234375 0.71875
vt 0.15234375 0.7109375
vt 0.14453125 0.7109375
vt 0.14453125 0.71875
vt 0.140625 0.71875
vt 0.140625 0.734375
vt 0.14453125 0.734375
vt 0.1484375 0.734375
vt 0.14453125 0.734375
vt 0.14453125 0.71875
vt 0.1484375 0.71875
vn 0 -0.766044443118978 -0.6427876096865393
vn 1 0 0
vn 0 0.766044443118978 0.6427876096865393
vn -1 0 0
vn 0 0.6427876096865393 -0.766044443118978
vn 0 -0.6427876096865393 0.766044443118978
usemtl none
f 44/124/31 47/123/31 45/122/31 42/121/31
f 43/128/32 44/127/32 42/126/32 41/125/32
f 48/132/33 43/131/33 41/130/33 46/129/33
f 47/136/34 48/135/34 46/134/34 45/133/34
f 46/140/35 41/139/35 42/138/35 45/137/35
f 47/144/36 44/143/36 43/142/36 48/141/36
o bdb
v 0.435 1.0931502692882855 0.42336547912263517
v 0.435 1.0046871903994126 -0.5877721394404865
v 0.435 0.08201265072516414 0.5118285580115083
v 0.435 -0.006450428163708902 -0.4993090605516135
v -0.435 1.0046871903994126 -0.5877721394404865
v -0.435 1.0931502692882855 0.42336547912263517
v -0.435 -0.006450428163708902 -0.4993090605516135
v -0.435 0.08201265072516414 0.5118285580115083
vt 0.2890625 0.578125
vt 0.3125 0.578125
vt 0.3125 0.5234375
vt 0.2890625 0.5234375
vt 0.26171875 0.578125
vt 0.2890625 0.578125
vt 0.2890625 0.5234375
vt 0.26171875 0.5234375
vt 0.33984375 0.578125
vt 0.36328125 0.578125
vt 0.36328125 0.5234375
vt 0.33984375 0.5234375
vt 0.3125 0.578125
vt 0.33984375 0.578125
vt 0.33984375 0.5234375
vt 0.3125 0.5234375
vt 0.3125 0.578125
vt 0.2890625 0.578125
vt 0.2890625 0.6328125
vt 0.3125 0.6328125
vt 0.3359375 0.6328125
vt 0.3125 0.6328125
vt 0.3125 0.578125
vt 0.3359375 0.578125
vn 0 -0.08715574274765818 -0.9961946980917455
vn 1 0 0
vn 0 0.08715574274765818 0.9961946980917455
vn -1 0 0
vn 0 0.9961946980917455 -0.08715574274765818
vn 0 -0.9961946980917455 0.08715574274765818
usemtl none
f 52/148/37 55/147/37 53/146/37 50/145/37
f 51/152/38 52/151/38 50/150/38 49/149/38
f 56/156/39 51/155/39 49/154/39 54/153/39
f 55/160/40 56/159/40 54/158/40 53/157/40
f 54/164/41 49/163/41 50/162/41 53/161/41
f 55/168/42 52/167/42 51/166/42 56/165/42
o neck1
v 0.14981702133045882 1.1672734558244466 -0.7281264780164476
v 0.11744753219821524 0.947909491541534 -0.9150266314337268
v 0.1305288061996459 1.0757311245487424 -0.6173430571373439
v 0.09815931706740233 0.8563671602658298 -0.8042432105546232
v -0.02534959242408541 0.9727059505252351 -0.9193989101843045
v 0.007019896708158169 1.1920699148081477 -0.7324987567670254
v -0.04463780755489832 0.8811636192495309 -0.808615489305201
v -0.012268318422654745 1.1005275835324435 -0.6217153358879217
vt 0.140625 0.71875
vt 0.14453125 0.71875
vt 0.14453125 0.7109375
vt 0.140625 0.7109375
vt 0.1328125 0.71875
vt 0.140625 0.71875
vt 0.140625 0.7109375
vt 0.1328125 0.7109375
vt 0.15234375 0.71875
vt 0.15625 0.71875
vt 0.15625 0.7109375
vt 0.15234375 0.7109375
vt 0.14453125 0.71875
vt 0.15234375 0.71875
vt 0.15234375 0.7109375
vt 0.14453125 0.7109375
vt 0.14453125 0.71875
vt 0.140625 0.71875
vt 0.140625 0.734375
vt 0.14453125 0.734375
vt 0.1484375 0.734375
vt 0.14453125 0.734375
vt 0.14453125 0.71875
vt 0.1484375 0.71875
vn -0.11161892804221928 -0.7564274630445267 -0.6444832876457909
vn 0.9848077560158668 -0.17101006195655963 0.030153646555710123
vn 0.11161892804221928 0.7564274630445267 0.6444832876457909
vn -0.9848077560158668 0.17101006195655963 -0.030153646555710123
vn 0.13302217331595106 0.6313264225910674 -0.7640235922696799
vn -0.13302217331595106 -0.6313264225910674 0.7640235922696799
usemtl none
f 60/172/43 63/171/43 61/170/43 58/169/43
f 59/176/44 60/175/44 58/174/44 57/173/44
f 64/180/45 59/179/45 57/178/45 62/177/45
f 63/184/46 64/183/46 62/182/46 61/181/46
f 62/188/47 57/187/47 58/186/47 61/185/47
f 63/192/48 60/191/48 59/190/48 64/189/48
o neck1
v 0.3957415525942143 0.9377573800225499 -0.4441788679600813
v 0.40451949292023803 0.8864506994804324 -1.02183843231904
v 0.24524253049145658 0.08403492068125915 -0.3706397167386293
v 0.25402047081748036 0.03272824013914166 -0.9482992810975879
v -0.30946613019126534 1.0104329943989383 -1.0436998260719297
v -0.3182440705172891 1.0617396749410557 -0.4660402617129711
v -0.459965152294023 0.15671053505764737 -0.9701606748504779
v -0.46874309262004676 0.20801721559976485 -0.39250111049151915
vt 0.23046875 0.6328125
vt 0.25 0.6328125
vt 0.25 0.5859375
vt 0.23046875 0.5859375
vt 0.21484375 0.6328125
vt 0.23046875 0.6328125
vt 0.23046875 0.5859375
vt 0.21484375 0.5859375
vt 0.265625 0.6328125
vt 0.28515625 0.6328125
vt 0.28515625 0.5859375
vt 0.265625 0.5859375
vt 0.25 0.6328125
vt 0.265625 0.6328125
vt 0.265625 0.5859375
vt 0.25 0.5859375
vt 0.25 0.6328125
vt 0.23046875 0.6328125
vt 0.23046875 0.6640625
vt 0.25 0.6640625
vt 0.26953125 0.6640625
vt 0.25 0.6640625
vt 0.25 0.6328125
vt 0.26953125 0.6328125
vn 0.015134379872454688 -0.08845979403813359 -0.9959647661361356
vn 0.9848077560158668 -0.1710100619565596 0.03015364655571013
vn -0.015134379872454688 0.08845979403813359 0.9959647661361356
vn -0.9848077560158668 0.1710100619565596 -0.03015364655571013
vn 0.17298738172730777 0.9812901831509091 -0.0845277600246575
vn -0.17298738172730777 -0.9812901831509091 0.0845277600246575
usemtl none
f 68/196/49 71/195/49 69/194/49 66/193/49
f 67/200/50 68/199/50 66/198/50 65/197/50
f 72/204/51 67/203/51 65/202/51 70/201/51
f 71/208/52 72/207/52 70/206/52 69/205/52
f 70/212/53 65/211/53 66/210/53 69/209/53
f 71/216/54 68/215/54 67/214/54 72/213/54
o neck2
v 0.2558883770748247 0.9814954383643197 -1.1438944910170954
v 0.1800349379758145 0.8031545939809814 -1.359627657223617
v 0.20802682612202605 0.8847406246623613 -1.0470813825766987
v 0.13217338702301584 0.7063997802790234 -1.2628145487832203
v 0.04852130414036071 0.864081942779849 -1.3637534642641023
v 0.12437474323937081 1.0424227871631873 -1.1480202980575807
v 0.0006597531875619511 0.7673271290778909 -1.2669403558237056
v 0.07651319228657216 0.9456679734612288 -1.051207189617184
vt 0.140625 0.71875
vt 0.14453125 0.71875
vt 0.14453125 0.7109375
vt 0.140625 0.7109375
vt 0.1328125 0.71875
vt 0.140625 0.71875
vt 0.140625 0.7109375
vt 0.1328125 0.7109375
vt 0.15234375 0.71875
vt 0.15625 0.71875
vt 0.15625 0.7109375
vt 0.15234375 0.7109375
vt 0.14453125 0.71875
vt 0.15234375 0.71875
vt 0.15234375 0.7109375
vt 0.14453125 0.7109375
vt 0.14453125 0.71875
vt 0.140625 0.71875
vt 0.140625 0.734375
vt 0.14453125 0.734375
vt 0.1484375 0.734375
vt 0.14453125 0.734375
vt 0.14453125 0.71875
vt 0.1484375 0.71875
vn -0.2615635831000351 -0.6149684289080624 -0.7439074696776613
vn 0.9069905781755437 -0.42018861240598215 0.02845384165851919
vn 0.2615635831000351 0.6149684289080624 0.7439074696776613
vn -0.9069905781755437 0.42018861240598215 -0.02845384165851919
vn 0.33007966174344 0.6672745772548846 -0.6676766099337698
vn -0.33007966174344 -0.6672745772548846 0.6676766099337698
usemtl none
f 76/220/55 79/219/55 77/218/55 74/217/55
f 75/224/56 76/223/56 74/222/56 73/221/56
f 80/228/57 75/227/57 73/226/57 78/225/57
f 79/232/58 80/231/58 78/230/58 77/229/58
f 78/236/59 73/235/59 74/234/59 77/233/59
f 79/240/60 76/239/60 75/238/60 80/237/60
o neck2
v 0.2649972738897334 0.9733943646603396 -1.5538799913010823
v 0.18914383479072316 0.7950535202770017 -1.769613157507604
v 0.2171357229369345 0.8766395509583811 -1.4570668828606852
v 0.1412822838379243 0.698298706575043 -1.6728000490672073
v 0.057630200955269384 0.8559808690758692 -1.7737389645480892
v 0.13348364005427948 1.034321713459207 -1.5580057983415676
v 0.009768650002470403 0.7592260553739103 -1.6769258561076925
v 0.08562208910148061 0.9375668997572486 -1.4611926899011705
vt 0.140625 0.71875
vt 0.14453125 0.71875
vt 0.14453125 0.7109375
vt 0.140625 0.7109375
vt 0.1328125 0.71875
vt 0.140625 0.71875
vt 0.140625 0.7109375
vt 0.1328125 0.7109375
vt 0.15234375 0.71875
vt 0.15625 0.71875
vt 0.15625 0.7109375
vt 0.15234375 0.7109375
vt 0.14453125 0.71875
vt 0.15234375 0.71875
vt 0.15234375 0.7109375
vt 0.14453125 0.7109375
vt 0.14453125 0.71875
vt 0.140625 0.71875
vt 0.140625 0.734375
vt 0.14453125 0.734375
vt 0.1484375 0.734375
vt 0.14453125 0.734375
vt 0.14453125 0.71875
vt 0.1484375 0.71875
vn -0.2615635831000351 -0.6149684289080624 -0.7439074696776613
vn 0.9069905781755437 -0.42018861240598215 0.02845384165851919
vn 0.2615635831000351 0.6149684289080624 0.7439074696776613
vn -0.9069905781755437 0.42018861240598215 -0.02845384165851919
vn 0.33007966174344 0.6672745772548846 -0.6676766099337698
vn -0.33007966174344 -0.6672745772548846 0.6676766099337698
usemtl none
f 84/244/61 87/243/61 85/242/61 82/241/61
f 83/248/62 84/247/62 82/246/62 81/245/62
f 88/252/63 83/251/63 81/250/63 86/249/63
f 87/256/64 88/255/64 86/254/64 85/253/64
f 86/260/65 81/259/65 82/258/65 85/257/65
f 87/264/66 84/263/66 83/262/66 88/261/66
o neck2
v 0.37944635085500567 0.7464277378196655 -0.9097851187384607
v 0.39142516508847414 0.7036177609221941 -1.9238111607549357
v 0.07423184811037853 0.08924708823606742 -0.885645915619254
v 0.086210662343847 0.04643711133859574 -1.899671957635729
v -0.1346293702533411 0.9473271561176633 -1.9403143889168768
v -0.14660818448680957 0.9901371330151347 -0.9262883469004018
v -0.43984387299796845 0.2901465065340654 -1.91617518579767
v -0.4518226872314369 0.33295648343153683 -0.9021491437811952
vt 0.1171875 0.640625
vt 0.1328125 0.640625
vt 0.1328125 0.6015625
vt 0.1171875 0.6015625
vt 0.08984375 0.640625
vt 0.1171875 0.640625
vt 0.1171875 0.6015625
vt 0.08984375 0.6015625
vt 0.16015625 0.640625
vt 0.17578125 0.640625
vt 0.17578125 0.6015625
vt 0.16015625 0.6015625
vt 0.1328125 0.640625
vt 0.16015625 0.640625
vt 0.16015625 0.6015625
vt 0.1328125 0.6015625
vt 0.1328125 0.640625
vt 0.1171875 0.640625
vt 0.1171875 0.6953125
vt 0.1328125 0.6953125
vt 0.1484375 0.6953125
vt 0.1328125 0.6953125
vt 0.1328125 0.640625
vt 0.1484375 0.640625
vn 0.01180178742213639 -0.0421773171403661 -0.999040435484212
vn 0.9069905781755438 -0.42018861240598215 0.02845384165851919
vn -0.01180178742213639 0.0421773171403661 0.999040435484212
vn -0.9069905781755438 0.42018861240598215 -0.02845384165851919
vn 0.42098552102707226 0.9064560683911695 -0.03329545257821608
vn -0.42098552102707226 -0.9064560683911695 0.03329545257821608
usemtl none
f 92/268/67 95/267/67 93/266/67 90/265/67
f 91/272/68 92/271/68 90/270/68 89/269/68
f 96/276/69 91/275/69 89/274/69 94/273/69
f 95/280/70 96/279/70 94/278/70 93/277/70
f 94/284/71 89/283/71 90/282/71 93/281/71
f 95/288/72 92/287/72 91/286/72 96/285/72
o neck3
v 0.33038036751569755 0.5791044307308519 -1.8192142768775645
v 0.29961659967552423 0.5582623242599931 -2.978618950486453
v -0.03984652447116943 0.13299494828819713 -1.8013711234429586
v -0.07061029231134275 0.11215284181733809 -2.9607757970518476
v -0.03503424587765491 0.8361448963473199 -2.9747346615330046
v -0.004270478037481595 0.8569870028181787 -1.815329987924116
v -0.40526113786452167 0.3900354139046649 -2.9568915080983986
v -0.37449737002434835 0.41087752037552394 -1.7974868344895103
vt 0.125 0.4453125
vt 0.13671875 0.4453125
vt 0.13671875 0.4140625
vt 0.125 0.4140625
vt 0.09375 0.4453125
vt 0.125 0.4453125
vt 0.125 0.4140625
vt 0.09375 0.4140625
vt 0.16796875 0.4453125
vt 0.1796875 0.4453125
vt 0.1796875 0.4140625
vt 0.16796875 0.4140625
vt 0.13671875 0.4453125
vt 0.16796875 0.4453125
vt 0.16796875 0.4140625
vt 0.13671875 0.4140625
vt 0.13671875 0.4453125
vt 0.125 0.4453125
vt 0.125 0.5078125
vt 0.13671875 0.5078125
vt 0.1484375 0.5078125
vt 0.13671875 0.5078125
vt 0.13671875 0.4453125
vt 0.1484375 0.4453125
vn -0.026520489517390812 -0.01796733316453356 -0.9994867875938696
vn 0.7693122886279977 -0.6388105105455791 -0.0089293998929849
vn 0.026520489517390812 0.01796733316453356 0.9994867875938696
vn -0.7693122886279977 0.6388105105455791 0.0089293998929849
vn 0.6383222275635639 0.7691542800735437 -0.03076405764587217
vn -0.6383222275635639 -0.7691542800735437 0.03076405764587217
usemtl none
f 100/292/73 103/291/73 101/290/73 98/289/73
f 99/296/74 100/295/74 98/294/74 97/293/74
f 104/300/75 99/299/75 97/298/75 102/297/75
f 103/304/76 104/303/76 102/302/76 101/301/76
f 102/308/77 97/307/77 98/306/77 101/305/77
f 103/312/78 100/311/78 99/310/78 104/309/78
o neck3
v 0.3029862159241534 0.775859774333453 -2.0167683092204265
v 0.17810598310235437 0.6284914554333225 -2.2330725071337416
v 0.23455547369858332 0.692099482796388 -1.9201947772352945
v 0.10967524087678426 0.5447311638962575 -2.1364989751486094
v 0.06655570125129473 0.7211189794624313 -2.231777744149259
v 0.19143593407309378 0.8684872983625618 -2.0154735462359437
v -0.001875040974275377 0.6373586879253663 -2.135204212164127
v 0.12300519184752368 0.7847270068254968 -1.9189000142508117
vt 0.140625 0.71875
vt 0.14453125 0.71875
vt 0.14453125 0.7109375
vt 0.140625 0.7109375
vt 0.1328125 0.71875
vt 0.140625 0.71875
vt 0.140625 0.7109375
vt 0.1328125 0.7109375
vt 0.15234375 0.71875
vt 0.15625 0.71875
vt 0.15625 0.7109375
vt 0.15234375 0.7109375
vt 0.14453125 0.71875
vt 0.15234375 0.71875
vt 0.15234375 0.7109375
vt 0.14453125 0.7109375
vt 0.14453125 0.71875
vt 0.140625 0.71875
vt 0.140625 0.734375
vt 0.14453125 0.734375
vt 0.1484375 0.734375
vt 0.14453125 0.734375
vt 0.14453125 0.71875
vt 0.1484375 0.71875
vn -0.4306214924889628 -0.5081666168970025 -0.7458765445286729
vn 0.7693122886279977 -0.6388105105455792 -0.008929399892984887
vn 0.4306214924889628 0.5081666168970025 0.7458765445286729
vn -0.7693122886279977 0.6388105105455792 0.008929399892984887
vn 0.4719361532797953 0.5776571830142438 -0.6660243585181536
vn -0.4719361532797953 -0.5776571830142438 0.6660243585181536
usemtl none
f 108/316/79 111/315/79 109/314/79 106/313/79
f 107/320/80 108/319/80 106/318/80 105/317/80
f 112/324/81 107/323/81 105/322/81 110/321/81
f 111/328/82 112/327/82 110/326/82 109/325/82
f 110/332/83 105/331/83 106/330/83 109/329/83
f 111/336/84 108/335/84 107/334/84 112/333/84
o neck3
v 0.3156942440801318 0.7972344644286633 -2.4510566728647287
v 0.19081401125833275 0.6498661455285326 -2.667360870778044
v 0.24726350185456147 0.7134741728915979 -2.354483140879596
v 0.12238326903276242 0.5661058539914672 -2.570787338792911
v 0.07926372940727311 0.7424936695576414 -2.6660661077935615
v 0.20414396222907216 0.8898619884577721 -2.4497619098802463
v 0.01083298718170278 0.658733378020576 -2.569492575808429
v 0.13571322000350183 0.8061016969207067 -2.3531883778951137
vt 0.140625 0.71875
vt 0.14453125 0.71875
vt 0.14453125 0.7109375
vt 0.140625 0.7109375
vt 0.1328125 0.71875
vt 0.140625 0.71875
vt 0.140625 0.7109375
vt 0.1328125 0.7109375
vt 0.15234375 0.71875
vt 0.15625 0.71875
vt 0.15625 0.7109375
vt 0.15234375 0.7109375
vt 0.14453125 0.71875
vt 0.15234375 0.71875
vt 0.15234375 0.7109375
vt 0.14453125 0.7109375
vt 0.14453125 0.71875
vt 0.140625 0.71875
vt 0.140625 0.734375
vt 0.14453125 0.734375
vt 0.1484375 0.734375
vt 0.14453125 0.734375
vt 0.14453125 0.71875
vt 0.1484375 0.71875
vn -0.4306214924889628 -0.5081666168970025 -0.7458765445286729
vn 0.7693122886279977 -0.6388105105455792 -0.008929399892984887
vn 0.4306214924889628 0.5081666168970025 0.7458765445286729
vn -0.7693122886279977 0.6388105105455792 0.008929399892984887
vn 0.4719361532797953 0.5776571830142438 -0.6660243585181536
vn -0.4719361532797953 -0.5776571830142438 0.6660243585181536
usemtl none
f 116/340/85 119/339/85 117/338/85 114/337/85
f 115/344/86 116/343/86 114/342/86 113/341/86
f 120/348/87 115/347/87 113/346/87 118/345/87
f 119/352/88 120/351/88 118/350/88 117/349/88
f 118/356/89 113/355/89 114/354/89 117/353/89
f 119/360/90 116/359/90 115/358/90 120/357/90
o heads
v 0.5703825420981468 0.9389340712054578 -2.722361765889106
v 0.22756504306255265 0.6377224212493976 -3.0803390057881366
v 0.34328272745316246 0.992878838286199 -2.5502698244949245
v 0.000465228417568353 0.6916671883301388 -2.9082470643939553
v 0.199526164799688 0.7586643986469203 -3.1552513506248685
v 0.5423436638352821 1.0598760486029803 -2.7972741107258376
v -0.02757364984529631 0.8126091657276615 -2.9831594092306863
v 0.3152438491902978 1.1138208156837217 -2.625182169331656
vt 0.24609375 0.703125
vt 0.25 0.703125
vt 0.25 0.6875
vt 0.24609375 0.6875
vt 0.23046875 0.703125
vt 0.24609375 0.703125
vt 0.24609375 0.6875
vt 0.23046875 0.6875
vt 0.265625 0.703125
vt 0.26953125 0.703125
vt 0.26953125 0.6875
vt 0.265625 0.6875
vt 0.25 0.703125
vt 0.265625 0.703125
vt 0.265625 0.6875
vt 0.25 0.6875
vt 0.25 0.703125
vt 0.24609375 0.703125
vt 0.24609375 0.734375
vt 0.25 0.734375
vt 0.25390625 0.734375
vt 0.25 0.734375
vt 0.25 0.703125
vt 0.25390625 0.703125
vn -0.5910646535096452 -0.5193304309587244 -0.6172021377569498
vn 0.19337157422665413 -0.8340826027415358 0.5166368609429756
vn 0.5910646535096452 0.5193304309587244 0.6172021377569498
vn -0.19337157422665413 0.8340826027415358 -0.5166368609429756
vn 0.7831028091206345 -0.1860164382094532 -0.593420487566144
vn -0.7831028091206345 0.1860164382094532 0.593420487566144
usemtl none
f 124/364/91 127/363/91 125/362/91 122/361/91
f 123/368/92 124/367/92 122/366/92 121/365/92
f 128/372/93 123/371/93 121/370/93 126/369/93
f 127/376/94 128/375/94 126/374/94 125/373/94
f 126/380/95 121/379/95 122/378/95 125/377/95
f 127/384/96 124/383/96 123/382/96 128/381/96
o heads
v 0.008341346896875157 1.0023413863892179 -2.4697357514782374
v -0.04279002369239859 0.6831514089491693 -2.9512991857664765
v -0.13056760042267657 0.976020575260238 -2.4375407323590226
v -0.18169897101195032 0.6568305978201894 -2.9191041666472617
v -0.08236151960079163 0.8013232109806878 -3.0254242282028603
v -0.031230149011517883 1.1205131884207364 -2.5438607939146207
v -0.22127046692034336 0.7750023998517079 -2.993229209083645
v -0.1701390963310696 1.0941923772917566 -2.511665774795406
vt 0.15625 0.75
vt 0.16015625 0.75
vt 0.16015625 0.7421875
vt 0.15625 0.7421875
vt 0.140625 0.75
vt 0.15625 0.75
vt 0.15625 0.7421875
vt 0.140625 0.7421875
vt 0.17578125 0.75
vt 0.1796875 0.75
vt 0.1796875 0.7421875
vt 0.17578125 0.7421875
vt 0.16015625 0.75
vt 0.17578125 0.75
vt 0.17578125 0.7421875
vt 0.16015625 0.7421875
vt 0.16015625 0.75
vt 0.15625 0.75
vt 0.15625 0.78125
vt 0.16015625 0.78125
vt 0.1640625 0.78125
vt 0.16015625 0.78125
vt 0.16015625 0.75
vt 0.1640625 0.75
vn -0.08815753549874787 -0.5503275473104287 -0.8302817832555855
vn 0.27290686833374433 -0.8149779450449551 0.5112071892164376
vn 0.08815753549874787 0.5503275473104287 0.8302817832555855
vn -0.27290686833374433 0.8149779450449551 -0.5112071892164376
vn 0.957992740134838 0.18152283537227512 -0.22203461461527685
vn -0.957992740134838 -0.18152283537227512 0.22203461461527685
usemtl none
f 132/388/97 135/387/97 133/386/97 130/385/97
f 131/392/98 132/391/98 130/390/98 129/389/98
f 136/396/99 131/395/99 129/394/99 134/393/99
f 135/400/100 136/399/100 134/398/100 133/397/100
f 134/404/101 129/403/101 130/402/101 133/401/101
f 135/408/102 132/407/102 131/406/102 136/405/102
o heads
v 0.6244332685627252 0.23564479003694816 -2.6407553759624935
v 0.24011217577986743 0.2925365171877149 -3.0714067767775757
v 0.40729896324713266 0.20360465260131944 -2.451213499195852
v 0.022977870464274908 0.26049637975208617 -2.881864900010934
v 0.23751324014856667 0.43594525335688694 -3.050142254117869
v 0.6218343329314244 0.3790535262061202 -2.6194908533027865
v 0.02037893483297415 0.4039051159212582 -2.8606003773512274
v 0.4047000276158319 0.3470133887704915 -2.429948976536145
vt 0.24609375 0.703125
vt 0.25 0.703125
vt 0.25 0.6875
vt 0.24609375 0.6875
vt 0.23046875 0.703125
vt 0.24609375 0.703125
vt 0.24609375 0.6875
vt 0.23046875 0.6875
vt 0.265625 0.703125
vt 0.26953125 0.703125
vt 0.26953125 0.6875
vt 0.265625 0.6875
vt 0.25 0.703125
vt 0.265625 0.703125
vt 0.265625 0.6875
vt 0.25 0.6875
vt 0.25 0.703125
vt 0.24609375 0.703125
vt 0.24609375 0.734375
vt 0.25 0.734375
vt 0.25390625 0.734375
vt 0.25 0.734375
vt 0.25 0.703125
vt 0.25390625 0.703125
vn -0.6626225737635476 0.09808918474270127 -0.7425024151984183
vn 0.017923694008972806 -0.9890257666839448 -0.14665188041177035
vn 0.6626225737635476 -0.09808918474270127 0.7425024151984183
vn -0.017923694008972806 0.9890257666839448 0.14665188041177035
vn 0.748738983846871 0.11048323253665078 -0.6535926785056636
vn -0.748738983846871 -0.11048323253665078 0.6535926785056636
usemtl none
f 140/412/103 143/411/103 141/410/103 138/409/103
f 139/416/104 140/415/104 138/414/104 137/413/104
f 144/420/105 139/419/105 137/418/105 142/417/105
f 143/424/106 144/423/106 142/422/106 141/421/106
f 142/428/107 137/427/107 138/426/107 141/425/107
f 143/432/108 140/431/108 139/430/108 144/429/108
o heads
v 0.02066625892024332 1.0840758639146904 -2.3493736810642805
v -0.004899426374393556 0.924480875194666 -2.5901553982084002
v -0.11824268839930818 1.0577550527857105 -2.317178661945065
v -0.14380837369394506 0.8981600640656862 -2.557960379089185
v -0.044470922282786596 1.0426526772261846 -2.6642804406447835
v -0.01890523698814972 1.202247665946209 -2.4234987235006638
v -0.18337986960233765 1.0163318660972047 -2.6320854215255687
v -0.15781418430770078 1.175926854817229 -2.391303704381449
vt 0.533203125 0.8984375
vt 0.537109375 0.8984375
vt 0.537109375 0.890625
vt 0.533203125 0.890625
vt 0.525390625 0.8984375
vt 0.533203125 0.8984375
vt 0.533203125 0.890625
vt 0.525390625 0.890625
vt 0.544921875 0.8984375
vt 0.548828125 0.8984375
vt 0.548828125 0.890625
vt 0.544921875 0.890625
vt 0.537109375 0.8984375
vt 0.544921875 0.8984375
vt 0.544921875 0.890625
vt 0.537109375 0.890625
vt 0.537109375 0.8984375
vt 0.533203125 0.8984375
vt 0.533203125 0.9140625
vt 0.537109375 0.9140625
vt 0.541015625 0.9140625
vt 0.537109375 0.9140625
vt 0.537109375 0.8984375
vt 0.541015625 0.8984375
vn -0.08815753549874787 -0.5503275473104287 -0.8302817832555855
vn 0.27290686833374433 -0.8149779450449551 0.5112071892164376
vn 0.08815753549874787 0.5503275473104287 0.8302817832555855
vn -0.27290686833374433 0.8149779450449551 -0.5112071892164376
vn 0.957992740134838 0.18152283537227512 -0.22203461461527685
vn -0.957992740134838 -0.18152283537227512 0.22203461461527685
usemtl none
f 148/436/109 151/435/109 149/434/109 146/433/109
f 147/440/110 148/439/110 146/438/110 145/437/110
f 152/444/111 147/443/111 145/442/111 150/441/111
f 151/448/112 152/447/112 150/446/112 149/445/112
f 150/452/113 145/451/113 146/450/113 149/449/113
f 151/456/114 148/455/114 147/454/114 152/453/114
o heads
v 0.1276788240665936 0.1299519173220105 -2.212211934263146
v 0.07842673641086195 0.17472912655360529 -2.4944693228200836
v -0.014912786593996419 0.13540604566463488 -2.186465380061837
v -0.06416487424972805 0.18018325489622966 -2.468722768618775
v 0.0877106221602002 0.31788639275892105 -2.4733788842752467
v 0.13696270981593228 0.27310918352732627 -2.191121495718309
v -0.054880988500389805 0.32334052110154543 -2.447632330073938
v -0.005628900844657725 0.27856331186995065 -2.1653749415170003
vt 0.533203125 0.8984375
vt 0.537109375 0.8984375
vt 0.537109375 0.890625
vt 0.533203125 0.890625
vt 0.525390625 0.8984375
vt 0.533203125 0.8984375
vt 0.533203125 0.890625
vt 0.525390625 0.890625
vt 0.544921875 0.8984375
vt 0.548828125 0.8984375
vt 0.548828125 0.890625
vt 0.544921875 0.890625
vt 0.537109375 0.8984375
vt 0.544921875 0.8984375
vt 0.544921875 0.890625
vt 0.537109375 0.890625
vt 0.537109375 0.8984375
vt 0.533203125 0.8984375
vt 0.533203125 0.9140625
vt 0.537109375 0.9140625
vt 0.541015625 0.9140625
vt 0.537109375 0.9140625
vt 0.537109375 0.8984375
vt 0.541015625 0.8984375
vn -0.1698347850197656 0.15440416976411991 -0.9733013398515092
vn -0.06402679827129992 -0.9872914910711441 -0.14545130030922188
vn 0.1698347850197656 -0.15440416976411991 0.9733013398515092
vn 0.06402679827129992 0.9872914910711441 0.14545130030922188
vn 0.9833904183488957 -0.03761467822499664 -0.17756244276764638
vn -0.9833904183488957 0.03761467822499664 0.17756244276764638
usemtl none
f 156/460/115 159/459/115 157/458/115 154/457/115
f 155/464/116 156/463/116 154/462/116 153/461/116
f 160/468/117 155/467/117 153/466/117 158/465/117
f 159/472/118 160/471/118 158/470/118 157/469/118
f 158/476/119 153/475/119 154/474/119 157/473/119
f 159/480/120 156/479/120 155/478/120 160/477/120
o heads
v 0.8077587825824479 0.18338337635922705 -2.2407309526985784
v 0.6136372710936696 0.23703716444112893 -2.6262995066572414
v 0.6780235613819106 0.1715903438696132 -2.177054451815234
v 0.48390204989313224 0.22524413195151505 -2.5626230057738972
v 0.6110383354623686 0.3804459006103009 -2.605034983997535
v 0.8051598469511468 0.326792112528399 -2.219466430038872
v 0.48130311426183126 0.36865286812068704 -2.5413584831141907
v 0.6754246257506095 0.31499908003878513 -2.1557899291555276
vt 0.19140625 0.6953125
vt 0.1953125 0.6953125
vt 0.1953125 0.6875
vt 0.19140625 0.6875
vt 0.1796875 0.6953125
vt 0.19140625 0.6953125
vt 0.19140625 0.6875
vt 0.1796875 0.6875
vt 0.20703125 0.6953125
vt 0.2109375 0.6953125
vt 0.2109375 0.6875
vt 0.20703125 0.6875
vt 0.1953125 0.6953125
vt 0.20703125 0.6953125
vt 0.20703125 0.6875
vt 0.1953125 0.6875
vt 0.1953125 0.6953125
vt 0.19140625 0.6953125
vt 0.19140625 0.71875
vt 0.1953125 0.71875
vt 0.19921875 0.71875
vt 0.1953125 0.71875
vt 0.1953125 0.6953125
vt 0.19921875 0.6953125
vn -0.44625634825006494 0.12334204156759047 -0.8863644918589957
vn 0.017923694008972903 -0.9890257666839447 -0.14665188041177035
vn 0.44625634825006494 -0.12334204156759047 0.8863644918589957
vn -0.017923694008972903 0.9890257666839447 0.14665188041177035
vn 0.894725663451982 0.08133125854906095 -0.4391482819540984
vn -0.894725663451982 -0.08133125854906095 0.4391482819540984
usemtl none
f 164/484/121 167/483/121 165/482/121 162/481/121
f 163/488/122 164/487/122 162/486/122 161/485/122
f 168/492/123 163/491/123 161/490/123 166/489/123
f 167/496/124 168/495/124 166/494/124 165/493/124
f 166/500/125 161/499/125 162/498/125 165/497/125
f 167/504/126 164/503/126 163/502/126 168/501/126
o heads
v 1.0199521573248487 0.15211073966755173 -2.003892674403485
v 0.7317113377377056 0.19477953503062684 -2.3268812250147968
v 0.9113850046670522 0.13609067094973737 -1.9091217360201638
v 0.6231441850799091 0.17875946631281248 -2.2321102866314755
v 0.7291124021064044 0.33818827119979866 -2.30561670235509
v 1.0173532216935475 0.29551947583672356 -1.9826281517437785
v 0.6205452494486079 0.3221682024819843 -2.210845763971769
v 0.908786069035751 0.2794994071189092 -1.8878572133604572
vt 0.19140625 0.6953125
vt 0.1953125 0.6953125
vt 0.1953125 0.6875
vt 0.19140625 0.6875
vt 0.1796875 0.6953125
vt 0.19140625 0.6953125
vt 0.19140625 0.6875
vt 0.1796875 0.6875
vt 0.20703125 0.6953125
vt 0.2109375 0.6953125
vt 0.2109375 0.6875
vt 0.20703125 0.6875
vt 0.1953125 0.6953125
vt 0.20703125 0.6953125
vt 0.20703125 0.6875
vt 0.1953125 0.6875
vt 0.1953125 0.6953125
vt 0.19140625 0.6953125
vt 0.19140625 0.71875
vt 0.1953125 0.71875
vt 0.19921875 0.71875
vt 0.1953125 0.71875
vt 0.1953125 0.6953125
vt 0.19921875 0.6953125
vn -0.6626225737635476 0.09808918474270127 -0.7425024151984183
vn 0.017923694008972806 -0.9890257666839448 -0.14665188041177035
vn 0.6626225737635476 -0.09808918474270127 0.7425024151984183
vn -0.017923694008972806 0.9890257666839448 0.14665188041177035
vn 0.748738983846871 0.11048323253665078 -0.6535926785056636
vn -0.748738983846871 -0.11048323253665078 0.6535926785056636
usemtl none
f 172/508/127 175/507/127 173/506/127 170/505/127
f 171/512/128 172/511/128 170/510/128 169/509/128
f 176/516/129 171/515/129 169/514/129 174/513/129
f 175/520/130 176/519/130 174/518/130 173/517/130
f 174/524/131 169/523/131 170/522/131 173/521/131
f 175/528/132 172/527/132 171/526/132 176/525/132
o heads
v 0.10291371142566064 0.15346631509267605 -2.353826359008899
v 0.004409536114196921 0.24302073355586562 -2.9183411361227742
v -0.03967789923492937 0.15892044343530065 -2.32807980480759
v -0.13818207454639353 0.2484748618984901 -2.8925945819214656
v 0.013693421863535171 0.3861779997611815 -2.897250697577937
v 0.11219759717499889 0.29662358129799204 -2.332735920464062
v -0.12889818879705484 0.391632128103806 -2.871504143376628
v -0.03039401348559112 0.3020777096406164 -2.306989366262753
vt 0.15625 0.75
vt 0.16015625 0.75
vt 0.16015625 0.7421875
vt 0.15625 0.7421875
vt 0.140625 0.75
vt 0.15625 0.75
vt 0.15625 0.7421875
vt 0.140625 0.7421875
vt 0.17578125 0.75
vt 0.1796875 0.75
vt 0.1796875 0.7421875
vt 0.17578125 0.7421875
vt 0.16015625 0.75
vt 0.17578125 0.75
vt 0.17578125 0.7421875
vt 0.16015625 0.7421875
vt 0.16015625 0.75
vt 0.15625 0.75
vt 0.15625 0.78125
vt 0.16015625 0.78125
vt 0.1640625 0.78125
vt 0.16015625 0.78125
vt 0.16015625 0.75
vt 0.1640625 0.75
vn -0.1698347850197656 0.15440416976411991 -0.9733013398515092
vn -0.06402679827129992 -0.9872914910711441 -0.14545130030922188
vn 0.1698347850197656 -0.15440416976411991 0.9733013398515092
vn 0.06402679827129992 0.9872914910711441 0.14545130030922188
vn 0.9833904183488957 -0.03761467822499664 -0.17756244276764638
vn -0.9833904183488957 0.03761467822499664 0.17756244276764638
usemtl none
f 180/532/133 183/531/133 181/530/133 178/529/133
f 179/536/134 180/535/134 178/534/134 177/533/134
f 184/540/135 179/539/135 177/538/135 182/537/135
f 183/544/136 184/543/136 182/542/136 181/541/136
f 182/548/137 177/547/137 178/546/137 181/545/137
f 183/552/138 180/551/138 179/550/138 184/549/138
o heads
v 0.7188202444792176 1.174461049771976 -2.3922998979502528
v 0.5586346732165477 0.9353070662120273 -2.7184455017940876
v 0.5869575319874857 1.1810245437263487 -2.3323487044555957
v 0.4267719607248157 0.9418705601663999 -2.658494308299431
v 0.5305957949536828 1.05624904360955 -2.793357846630819
v 0.6907813662163527 1.2954030271694987 -2.4672122427869843
v 0.39873308246195094 1.0628125375639226 -2.7334066531361625
v 0.5589186537246208 1.3019665211238713 -2.407261049292327
vt 0.19140625 0.6953125
vt 0.1953125 0.6953125
vt 0.1953125 0.6875
vt 0.19140625 0.6875
vt 0.1796875 0.6953125
vt 0.19140625 0.6953125
vt 0.19140625 0.6875
vt 0.1796875 0.6875
vt 0.20703125 0.6953125
vt 0.2109375 0.6953125
vt 0.2109375 0.6875
vt 0.20703125 0.6875
vt 0.1953125 0.6953125
vt 0.20703125 0.6953125
vt 0.20703125 0.6875
vt 0.1953125 0.6875
vt 0.1953125 0.6953125
vt 0.19140625 0.6953125
vt 0.19140625 0.71875
vt 0.1953125 0.71875
vt 0.19921875 0.71875
vt 0.1953125 0.71875
vt 0.1953125 0.6953125
vt 0.19921875 0.6953125
vn -0.3682426925578618 -0.5497792725516065 -0.7497600088364027
vn 0.193371574226654 -0.8340826027415356 0.5166368609429755
vn 0.3682426925578618 0.5497792725516065 0.7497600088364027
vn -0.193371574226654 0.8340826027415356 -0.5166368609429755
vn 0.909398017184358 -0.0452654755473979 -0.4134565068597013
vn -0.909398017184358 0.0452654755473979 0.4134565068597013
usemtl none
f 188/556/139 191/555/139 189/554/139 186/553/139
f 187/560/140 188/559/140 186/558/140 185/557/140
f 192/564/141 187/563/141 185/562/141 190/561/141
f 191/568/142 192/567/142 190/566/142 189/565/142
f 190/572/143 185/571/143 186/570/143 189/569/143
f 191/576/144 188/575/144 187/574/144 192/573/144
o heads
v 0.909597630332613 1.34739665387457 -2.1845103765115264
v 0.6524845060559175 1.121487916407525 -2.4529933064357996
v 0.7960477230101208 1.3743690374149409 -2.0984644058144353
v 0.5389345987334253 1.148460299947896 -2.3669473357387085
v 0.6244456277930523 1.2424298938050475 -2.527905651272531
v 0.8815587520697479 1.4683386312720927 -2.2594227213482583
v 0.5108957204705602 1.2694022773454183 -2.44185968057544
v 0.7680088447472557 1.4953110148124635 -2.173376750651167
vt 0.19140625 0.6953125
vt 0.1953125 0.6953125
vt 0.1953125 0.6875
vt 0.19140625 0.6875
vt 0.1796875 0.6953125
vt 0.19140625 0.6953125
vt 0.19140625 0.6875
vt 0.1796875 0.6875
vt 0.20703125 0.6953125
vt 0.2109375 0.6953125
vt 0.2109375 0.6875
vt 0.20703125 0.6875
vt 0.1953125 0.6953125
vt 0.20703125 0.6953125
vt 0.20703125 0.6875
vt 0.1953125 0.6875
vt 0.1953125 0.6953125
vt 0.19140625 0.6953125
vt 0.19140625 0.71875
vt 0.1953125 0.71875
vt 0.19921875 0.71875
vt 0.1953125 0.71875
vt 0.1953125 0.6953125
vt 0.19921875 0.6953125
vn -0.5910646535096452 -0.5193304309587244 -0.6172021377569498
vn 0.19337157422665413 -0.8340826027415358 0.5166368609429756
vn 0.5910646535096452 0.5193304309587244 0.6172021377569498
vn -0.19337157422665413 0.8340826027415358 -0.5166368609429756
vn 0.7831028091206345 -0.1860164382094532 -0.593420487566144
vn -0.7831028091206345 0.1860164382094532 0.593420487566144
usemtl none
f 196/580/145 199/579/145 197/578/145 194/577/145
f 195/584/146 196/583/146 194/582/146 193/581/146
f 200/588/147 195/587/147 193/586/147 198/585/147
f 199/592/148 200/591/148 198/590/148 197/589/148
f 198/596/149 193/595/149 194/594/149 197/593/149
f 199/600/150 196/599/150 195/598/150 200/597/150
o head1
