# Made in Blockbench 4.0.5
mtllib materials.mtl

o bda
v 0.0725 1.4226848449918559 0.8500895175850642
v 0.0725 1.115093395175708 0.5424980677689162
v 0.0725 1.3201543617198066 0.9526200008571137
v 0.0725 1.0125629119036583 0.6450285510409657
v -0.0725 1.115093395175708 0.5424980677689162
v -0.0725 1.4226848449918559 0.8500895175850642
v -0.0725 1.0125629119036583 0.6450285510409657
v -0.0725 1.3201543617198066 0.9526200008571137
vt 0.09765625 0.7109375
vt 0.1015625 0.7109375
vt 0.1015625 0.703125
vt 0.09765625 0.703125
vt 0.0859375 0.7109375
vt 0.09765625 0.7109375
vt 0.09765625 0.703125
vt 0.0859375 0.703125
vt 0.11328125 0.7109375
vt 0.1171875 0.7109375
vt 0.1171875 0.703125
vt 0.11328125 0.703125
vt 0.1015625 0.7109375
vt 0.11328125 0.7109375
vt 0.11328125 0.703125
vt 0.1015625 0.703125
vt 0.1015625 0.7109375
vt 0.09765625 0.7109375
vt 0.09765625 0.734375
vt 0.1015625 0.734375
vt 0.10546875 0.734375
vt 0.1015625 0.734375
vt 0.1015625 0.7109375
vt 0.10546875 0.7109375
vn 0 -0.7071067811865476 -0.7071067811865475
vn 1 0 0
vn 0 0.7071067811865476 0.7071067811865475
vn -1 0 0
vn 0 0.7071067811865475 -0.7071067811865476
vn 0 -0.7071067811865475 0.7071067811865476
usemtl none
f 4/4/1 7/3/1 5/2/1 2/1/1
f 3/8/2 4/7/2 2/6/2 1/5/2
f 8/12/3 3/11/3 1/10/3 6/9/3
f 7/16/4 8/15/4 6/14/4 5/13/4
f 6/20/5 1/19/5 2/18/5 5/17/5
f 7/24/6 4/23/6 3/22/6 8/21/6
o bda
v 0.0725 1.3501843028333225 1.2850892350023577
v 0.0725 1.0425928530171746 0.9774977851862096
v 0.0725 1.2476538195612732 1.387619718274407
v 0.0725 0.9400623697451254 1.080028268458259
v -0.0725 1.0425928530171746 0.9774977851862096
v -0.0725 1.3501843028333225 1.2850892350023577
v -0.0725 0.9400623697451254 1.080028268458259
v -0.0725 1.2476538195612732 1.387619718274407
vt 0.09765625 0.7109375
vt 0.1015625 0.7109375
vt 0.1015625 0.703125
vt 0.09765625 0.703125
vt 0.0859375 0.7109375
vt 0.09765625 0.7109375
vt 0.09765625 0.703125
vt 0.0859375 0.703125
vt 0.11328125 0.7109375
vt 0.1171875 0.7109375
vt 0.1171875 0.703125
vt 0.11328125 0.703125
vt 0.1015625 0.7109375
vt 0.11328125 0.7109375
vt 0.11328125 0.703125
vt 0.1015625 0.703125
vt 0.1015625 0.7109375
vt 0.09765625 0.7109375
vt 0.09765625 0.734375
vt 0.1015625 0.734375
vt 0.10546875 0.734375
vt 0.1015625 0.734375
vt 0.1015625 0.7109375
vt 0.10546875 0.7109375
vn 0 -0.7071067811865476 -0.7071067811865475
vn 1 0 0
vn 0 0.7071067811865476 0.7071067811865475
vn -1 0 0
vn 0 0.7071067811865475 -0.7071067811865476
vn 0 -0.7071067811865475 0.7071067811865476
usemtl none
f 12/28/7 15/27/7 13/26/7 10/25/7
f 11/32/8 12/31/8 10/30/8 9/29/8
f 16/36/9 11/35/9 9/34/9 14/33/9
f 15/40/10 16/39/10 14/38/10 13/37/10
f 14/44/11 9/43/11 10/42/11 13/41/11
f 15/48/12 12/47/12 11/46/12 16/45/12
o bda
v 0.5075 1.0703065999746189 1.410517951306911
v 0.5075 1.1587696788634916 0.39938033274378926
v 0.5075 0.2036172126348006 1.3346924551164485
v 0.5075 0.29208029152367354 0.32355483655332673
v -0.5075 1.1587696788634916 0.39938033274378926
v -0.5075 1.0703065999746189 1.410517951306911
v -0.5075 0.29208029152367354 0.32355483655332673
v -0.5075 0.2036172126348006 1.3346924551164485
vt 0.390625 0.578125
vt 0.41796875 0.578125
vt 0.41796875 0.53125
vt 0.390625 0.53125
vt 0.36328125 0.578125
vt 0.390625 0.578125
vt 0.390625 0.53125
vt 0.36328125 0.53125
vt 0.4453125 0.578125
vt 0.47265625 0.578125
vt 0.47265625 0.53125
vt 0.4453125 0.53125
vt 0.41796875 0.578125
vt 0.4453125 0.578125
vt 0.4453125 0.53125
vt 0.41796875 0.53125
vt 0.41796875 0.578125
vt 0.390625 0.578125
vt 0.390625 0.6328125
vt 0.41796875 0.6328125
vt 0.4453125 0.6328125
vt 0.41796875 0.6328125
vt 0.41796875 0.578125
vt 0.4453125 0.578125
vn 0 0.08715574274765818 -0.9961946980917455
vn 1 0 0
vn 0 -0.08715574274765818 0.9961946980917455
vn -1 0 0
vn 0 0.9961946980917455 0.08715574274765818
vn 0 -0.9961946980917455 -0.08715574274765818
usemtl none
f 20/52/13 23/51/13 21/50/13 18/49/13
f 19/56/14 20/55/14 18/54/14 17/53/14
f 24/60/15 19/59/15 17/58/15 22/57/15
f 23/64/16 24/63/16 22/62/16 21/61/16
f 22/68/17 17/67/17 18/66/17 21/65/17
f 23/72/18 20/71/18 19/70/18 24/69/18
o bdb
v 0.0725 1.4513196013597829 0.4281409460505058
v 0.0725 1.118090268603028 0.1485283358368613
v 0.0725 1.358115397955235 0.5392173903027576
v 0.0725 1.0248860651984797 0.25960478008911314
v -0.0725 1.118090268603028 0.1485283358368613
v -0.0725 1.4513196013597829 0.4281409460505058
v -0.0725 1.0248860651984797 0.25960478008911314
v -0.0725 1.358115397955235 0.5392173903027576
vt 0.09765625 0.7109375
vt 0.1015625 0.7109375
vt 0.1015625 0.703125
vt 0.09765625 0.703125
vt 0.0859375 0.7109375
vt 0.09765625 0.7109375
vt 0.09765625 0.703125
vt 0.0859375 0.703125
vt 0.11328125 0.7109375
vt 0.1171875 0.7109375
vt 0.1171875 0.703125
vt 0.11328125 0.703125
vt 0.1015625 0.7109375
vt 0.11328125 0.7109375
vt 0.11328125 0.703125
vt 0.1015625 0.703125
vt 0.1015625 0.7109375
vt 0.09765625 0.7109375
vt 0.09765625 0.734375
vt 0.1015625 0.734375
vt 0.10546875 0.734375
vt 0.1015625 0.734375
vt 0.1015625 0.7109375
vt 0.10546875 0.7109375
vn 0 -0.766044443118978 -0.6427876096865393
vn 1 0 0
vn 0 0.766044443118978 0.6427876096865393
vn -1 0 0
vn 0 0.6427876096865393 -0.766044443118978
vn 0 -0.6427876096865393 0.766044443118978
usemtl none
f 28/76/19 31/75/19 29/74/19 26/73/19
f 27/80/20 28/79/20 26/78/20 25/77/20
f 32/84/21 27/83/21 25/82/21 30/81/21
f 31/88/22 32/87/22 30/86/22 29/85/22
f 30/92/23 25/91/23 26/90/23 29/89/23
f 31/96/24 28/95/24 27/94/24 32/93/24
o bdb
v 0.0725 1.4197261182369487 0.06702071081732186
v 0.0725 1.086496785480193 -0.21259189939632273
v 0.0725 1.3265219148324003 0.17809715506957347
v 0.0725 0.9932925820756451 -0.10151545514407112
v -0.0725 1.086496785480193 -0.21259189939632273
v -0.0725 1.4197261182369487 0.06702071081732186
v -0.0725 0.9932925820756451 -0.10151545514407112
v -0.0725 1.3265219148324003 0.17809715506957347
vt 0.09765625 0.7109375
vt 0.1015625 0.7109375
vt 0.1015625 0.703125
vt 0.09765625 0.703125
vt 0.0859375 0.7109375
vt 0.09765625 0.7109375
vt 0.09765625 0.703125
vt 0.0859375 0.703125
vt 0.11328125 0.7109375
vt 0.1171875 0.7109375
vt 0.1171875 0.703125
vt 0.11328125 0.703125
vt 0.1015625 0.7109375
vt 0.11328125 0.7109375
vt 0.11328125 0.703125
vt 0.1015625 0.703125
vt 0.1015625 0.7109375
vt 0.09765625 0.7109375
vt 0.09765625 0.734375
vt 0.1015625 0.734375
vt 0.10546875 0.734375
vt 0.1015625 0.734375
vt 0.1015625 0.7109375
vt 0.10546875 0.7109375
vn 0 -0.766044443118978 -0.6427876096865393
vn 1 0 0
vn 0 0.766044443118978 0.6427876096865393
vn -1 0 0
vn 0 0.6427876096865393 -0.766044443118978
vn 0 -0.6427876096865393 0.766044443118978
usemtl none
f 36/100/25 39/99/25 37/98/25 34/97/25
f 35/104/26 36/103/26 34/102/26 33/101/26
f 40/108/27 35/107/27 33/106/27 38/105/27
f 39/112/28 40/111/28 38/110/28 37/109/28
f 38/116/29 33/115/29 34/114/29 37/113/29
f 39/120/30 36/119/30 35/118/30 40/117/30
o bdb
v 0.0725 1.2743881865460718 -0.36642776556147383
v 0.0725 1.0522352980415686 -0.5528361723705703
v 0.0725 1.1811839831415238 -0.255351321309222
v 0.0725 0.9590310946370202 -0.44175972811831843
v -0.0725 1.0522352980415686 -0.5528361723705703
v -0.0725 1.2743881865460718 -0.36642776556147383
v -0.0725 0.9590310946370202 -0.44175972811831843
v -0.0725 1.1811839831415238 -0.255351321309222
vt 0.140625 0.71875
vt 0.14453125 0.71875
vt 0.14453125 0.7109375
vt 0.140625 0.7109375
vt 0.1328125 0.71875
vt 0.140625 0.71875
vt 0.140625 0.7109375
vt 0.1328125 0.7109375
vt 0.15234375 0.71875
vt 0.15625 0.71875
vt 0.15625 0.7109375
vt 0.15234375 0.7109375
vt 0.14453125 0.71875
vt 0.15234375 0.71875
vt 0.15234375 0.7109375
vt 0.14453125 0.7109375
vt 0.14453125 0.71875
vt 0.140625 0.71875
vt 0.140625 0.734375
vt 0.14453125 0.734375
vt 0.1484375 0.734375
vt 0.14453125 0.734375
vt 0.14453125 0.71875
vt 0.1484375 0.71875
vn 0 -0.766044443118978 -0.6427876096865393
vn 1 0 0
vn 0 0.766044443118978 0.6427876096865393
vn -1 0 0
vn 0 0.6427876096865393 -0.766044443118978
vn 0 -0.6427876096865393 0.766044443118978
usemtl none
f 44/124/31 47/123/31 45/122/31 42/121/31
f 43/128/32 44/127/32 42/126/32 41/125/32
f 48/132/33 43/131/33 41/130/33 46/129/33
f 47/136/34 48/135/34 46/134/34 45/133/34
f 46/140/35 41/139/35 42/138/35 45/137/35
f 47/144/36 44/143/36 43/142/36 48/141/36
o bdb
v 0.435 1.1556502692882853 0.42336547912263517
v 0.435 1.0671871903994123 -0.5877721394404865
v 0.435 0.14451265072516395 0.5118285580115083
v 0.435 0.05604957183629089 -0.4993090605516135
v -0.435 1.0671871903994123 -0.5877721394404865
v -0.435 1.1556502692882853 0.42336547912263517
v -0.435 0.05604957183629089 -0.4993090605516135
v -0.435 0.14451265072516395 0.5118285580115083
vt 0.2890625 0.578125
vt 0.3125 0.578125
vt 0.3125 0.5234375
vt 0.2890625 0.5234375
vt 0.26171875 0.578125
vt 0.2890625 0.578125
vt 0.2890625 0.5234375
vt 0.26171875 0.5234375
vt 0.33984375 0.578125
vt 0.36328125 0.578125
vt 0.36328125 0.5234375
vt 0.33984375 0.5234375
vt 0.3125 0.578125
vt 0.33984375 0.578125
vt 0.33984375 0.5234375
vt 0.3125 0.5234375
vt 0.3125 0.578125
vt 0.2890625 0.578125
vt 0.2890625 0.6328125
vt 0.3125 0.6328125
vt 0.3359375 0.6328125
vt 0.3125 0.6328125
vt 0.3125 0.578125
vt 0.3359375 0.578125
vn 0 -0.08715574274765818 -0.9961946980917455
vn 1 0 0
vn 0 0.08715574274765818 0.9961946980917455
vn -1 0 0
vn 0 0.9961946980917455 -0.08715574274765818
vn 0 -0.9961946980917455 0.08715574274765818
usemtl none
f 52/148/37 55/147/37 53/146/37 50/145/37
f 51/152/38 52/151/38 50/150/38 49/149/38
f 56/156/39 51/155/39 49/154/39 54/153/39
f 55/160/40 56/159/40 54/158/40 53/157/40
f 54/164/41 49/163/41 50/162/41 53/161/41
f 55/168/42 52/167/42 51/166/42 56/165/42
o neck1
v 0.0725 1.2216418382252574 -0.7658077306766041
v 0.0725 0.9840877453814498 -0.9321448972184075
v 0.0725 1.1384732549543555 -0.6470306842547003
v 0.0725 0.9009191621105483 -0.8133678507965038
v -0.0725 0.9840877453814498 -0.9321448972184075
v -0.0725 1.2216418382252574 -0.7658077306766041
v -0.0725 0.9009191621105483 -0.8133678507965038
v -0.0725 1.1384732549543555 -0.6470306842547003
vt 0.140625 0.71875
vt 0.14453125 0.71875
vt 0.14453125 0.7109375
vt 0.140625 0.7109375
vt 0.1328125 0.71875
vt 0.140625 0.71875
vt 0.140625 0.7109375
vt 0.1328125 0.7109375
vt 0.15234375 0.71875
vt 0.15625 0.71875
vt 0.15625 0.7109375
vt 0.15234375 0.7109375
vt 0.14453125 0.71875
vt 0.15234375 0.71875
vt 0.15234375 0.7109375
vt 0.14453125 0.7109375
vt 0.14453125 0.71875
vt 0.140625 0.71875
vt 0.140625 0.734375
vt 0.14453125 0.734375
vt 0.1484375 0.734375
vt 0.14453125 0.734375
vt 0.14453125 0.71875
vt 0.1484375 0.71875
vn 0 -0.8191520442889919 -0.5735764363510462
vn 1 0 0
vn 0 0.8191520442889919 0.5735764363510462
vn -1 0 0
vn 0 0.5735764363510462 -0.8191520442889919
vn 0 -0.5735764363510462 0.8191520442889919
usemtl none
f 60/172/43 63/171/43 61/170/43 58/169/43
f 59/176/44 60/175/44 58/174/44 57/173/44
f 64/180/45 59/179/45 57/178/45 62/177/45
f 63/184/46 64/183/46 62/182/46 61/181/46
f 62/188/47 57/187/47 58/186/47 61/185/47
f 63/192/48 60/191/48 59/190/48 64/189/48
o neck1
v 0.3625 1.0630364543368094 -0.4750723155873512
v 0.3625 0.9623205112899896 -1.046260812334432
v 0.3625 0.20625370921618807 -0.32399840101712174
v 0.3625 0.1055377661693685 -0.8951868977642025
v -0.3625 0.9623205112899896 -1.046260812334432
v -0.3625 1.0630364543368094 -0.4750723155873512
v -0.3625 0.1055377661693685 -0.8951868977642025
v -0.3625 0.20625370921618807 -0.32399840101712174
vt 0.23046875 0.6328125
vt 0.25 0.6328125
vt 0.25 0.5859375
vt 0.23046875 0.5859375
vt 0.21484375 0.6328125
vt 0.23046875 0.6328125
vt 0.23046875 0.5859375
vt 0.21484375 0.5859375
vt 0.265625 0.6328125
vt 0.28515625 0.6328125
vt 0.28515625 0.5859375
vt 0.265625 0.5859375
vt 0.25 0.6328125
vt 0.265625 0.6328125
vt 0.265625 0.5859375
vt 0.25 0.5859375
vt 0.25 0.6328125
vt 0.23046875 0.6328125
vt 0.23046875 0.6640625
vt 0.25 0.6640625
vt 0.26953125 0.6640625
vt 0.25 0.6640625
vt 0.25 0.6328125
vt 0.26953125 0.6328125
vn 0 -0.17364817766693036 -0.9848077530122081
vn 1 0 0
vn 0 0.17364817766693036 0.9848077530122081
vn -1 0 0
vn 0 0.9848077530122081 -0.17364817766693036
vn 0 -0.9848077530122081 0.17364817766693036
usemtl none
f 68/196/49 71/195/49 69/194/49 66/193/49
f 67/200/50 68/199/50 66/198/50 65/197/50
f 72/204/51 67/203/51 65/202/51 70/201/51
f 71/208/52 72/207/52 70/206/52 69/205/52
f 70/212/53 65/211/53 66/210/53 69/209/53
f 71/216/54 68/215/54 67/214/54 72/213/54
o neck2
v 0.32197610369309637 0.9318232694164963 -1.1934918041491414
v 0.2210666657797754 0.7328843329069397 -1.3788039324097174
v 0.2954392464118082 0.8420994193442612 -1.0827198495132877
v 0.19452980849848722 0.6431604828347046 -1.2680319777738638
v 0.08774331245922262 0.7883861852483416 -1.3657874871946727
v 0.18865275037254348 0.9873251217578978 -1.1804753589340966
v 0.06120645517793455 0.6986623351761065 -1.255015532558819
v 0.1621158930912554 0.8976012716856632 -1.069703404298243
vt 0.140625 0.71875
vt 0.14453125 0.71875
vt 0.14453125 0.7109375
vt 0.140625 0.7109375
vt 0.1328125 0.71875
vt 0.140625 0.71875
vt 0.140625 0.7109375
vt 0.1328125 0.7109375
vt 0.15234375 0.71875
vt 0.15625 0.71875
vt 0.15625 0.7109375
vt 0.15234375 0.7109375
vt 0.14453125 0.71875
vt 0.15234375 0.71875
vt 0.15234375 0.7109375
vt 0.14453125 0.7109375
vt 0.14453125 0.71875
vt 0.140625 0.71875
vt 0.140625 0.734375
vt 0.14453125 0.734375
vt 0.1484375 0.734375
vt 0.14453125 0.734375
vt 0.14453125 0.71875
vt 0.1484375 0.71875
vn -0.34796357901145164 -0.6859963327915745 -0.6390073388295731
vn 0.9194714022107089 -0.3827713954579447 -0.08976858768996333
vn 0.34796357901145164 0.6859963327915745 0.6390073388295731
vn -0.9194714022107089 0.3827713954579447 0.08976858768996333
vn 0.1830128088364697 0.6187851729119641 -0.763944514730027
vn -0.1830128088364697 -0.6187851729119641 0.763944514730027
usemtl none
f 76/220/55 79/219/55 77/218/55 74/217/55
f 75/224/56 76/223/56 74/222/56 73/221/56
f 80/228/57 75/227/57 73/226/57 78/225/57
f 79/232/58 80/231/58 78/230/58 77/229/58
f 78/236/59 73/235/59 74/234/59 77/233/59
f 79/240/60 76/239/60 75/238/60 80/237/60
o neck2
v 0.3075460768188667 0.877079582111541 -1.5964716488584152
v 0.20663663890554584 0.6781406456019844 -1.7817837771189915
v 0.2810092195375786 0.7873557320393062 -1.4856996942225613
v 0.18009978162425766 0.5884167955297496 -1.6710118224831376
v 0.07331328558499306 0.7336424979433865 -1.7687673319039467
v 0.17422272349831402 0.9325814344529432 -1.5834552036433704
v 0.04677642830370493 0.6439186478711517 -1.6579953772680929
v 0.14768586621702584 0.8428575843807083 -1.4726832490075166
vt 0.140625 0.71875
vt 0.14453125 0.71875
vt 0.14453125 0.7109375
vt 0.140625 0.7109375
vt 0.1328125 0.71875
vt 0.140625 0.71875
vt 0.140625 0.7109375
vt 0.1328125 0.7109375
vt 0.15234375 0.71875
vt 0.15625 0.71875
vt 0.15625 0.7109375
vt 0.15234375 0.7109375
vt 0.14453125 0.71875
vt 0.15234375 0.71875
vt 0.15234375 0.7109375
vt 0.14453125 0.7109375
vt 0.14453125 0.71875
vt 0.140625 0.71875
vt 0.140625 0.734375
vt 0.14453125 0.734375
vt 0.1484375 0.734375
vt 0.14453125 0.734375
vt 0.14453125 0.71875
vt 0.1484375 0.71875
vn -0.34796357901145164 -0.6859963327915745 -0.6390073388295731
vn 0.9194714022107089 -0.3827713954579447 -0.08976858768996333
vn 0.34796357901145164 0.6859963327915745 0.6390073388295731
vn -0.9194714022107089 0.3827713954579447 0.08976858768996333
vn 0.1830128088364697 0.6187851729119641 -0.763944514730027
vn -0.1830128088364697 -0.6187851729119641 0.763944514730027
usemtl none
f 84/244/61 87/243/61 85/242/61 82/241/61
f 83/248/62 84/247/62 82/246/62 81/245/62
f 88/252/63 83/251/63 81/250/63 86/249/63
f 87/256/64 88/255/64 86/254/64 85/253/64
f 86/260/65 81/259/65 82/258/65 85/257/65
f 87/264/66 84/263/66 83/262/66 88/261/66
o neck2
v 0.3743012957798474 0.7337915428399961 -0.9107463770594476
v 0.35140543227196375 0.5605414647795217 -1.9105889596124555
v 0.040230662593646965 0.10112423127407233 -0.7934694188855705
v 0.017334799085763297 -0.07212584678640205 -1.7933120014385784
v -0.16318448761080342 0.8259232987633467 -1.9447897863046393
v -0.14028862410291976 0.9991733768238211 -0.9449472037516314
v -0.49725512079700385 0.19325598719742293 -1.8275128281307622
v -0.4743592572891202 0.36650606525789736 -0.8276702455777544
vt 0.1171875 0.640625
vt 0.1328125 0.640625
vt 0.1328125 0.6015625
vt 0.1171875 0.6015625
vt 0.08984375 0.640625
vt 0.1171875 0.640625
vt 0.1171875 0.6015625
vt 0.08984375 0.6015625
vt 0.16015625 0.640625
vt 0.17578125 0.640625
vt 0.17578125 0.6015625
vt 0.16015625 0.6015625
vt 0.1328125 0.640625
vt 0.16015625 0.640625
vt 0.16015625 0.6015625
vt 0.1328125 0.6015625
vt 0.1328125 0.640625
vt 0.1171875 0.640625
vt 0.1171875 0.6953125
vt 0.1328125 0.6953125
vt 0.1484375 0.6953125
vt 0.1328125 0.6953125
vt 0.1328125 0.640625
vt 0.1484375 0.640625
vn -0.022557500992988845 -0.17068973207928514 -0.9850665837960666
vn 0.8872239997978746 -0.45755488617900875 0.058966942572730746
vn 0.022557500992988845 0.17068973207928514 0.9850665837960666
vn -0.8872239997978746 0.45755488617900875 -0.058966942572730746
vn 0.46078708025682835 0.8726445676771365 -0.1617613216191408
vn -0.46078708025682835 -0.8726445676771365 0.1617613216191408
usemtl none
f 92/268/67 95/267/67 93/266/67 90/265/67
f 91/272/68 92/271/68 90/270/68 89/269/68
f 96/276/69 91/275/69 89/274/69 94/273/69
f 95/280/70 96/279/70 94/278/70 93/277/70
f 94/284/71 89/283/71 90/282/71 93/281/71
f 95/288/72 92/287/72 91/286/72 96/285/72
o heads
v 0.34303593724107273 0.6987641285045811 -2.655261218291449
v 0.13660275801149613 0.37957101816616673 -3.0933263970327616
v 0.07807730468533514 0.7089383391239061 -2.5378158758019853
v -0.12835587454424147 0.38974522878549184 -2.975881054543298
v 0.10812795045074974 0.5005311614121921 -3.1680447286541216
v 0.31456112968032635 0.8197242717506064 -2.729979549912809
v -0.15683068210498785 0.5107053720315171 -3.050599386164658
v 0.04960249712458875 0.8298984823699316 -2.6125342074233453
vt 0.24609375 0.703125
vt 0.25 0.703125
vt 0.25 0.6875
vt 0.24609375 0.6875
vt 0.23046875 0.703125
vt 0.24609375 0.703125
vt 0.24609375 0.6875
vt 0.23046875 0.6875
vt 0.265625 0.703125
vt 0.26953125 0.703125
vt 0.26953125 0.6875
vt 0.265625 0.6875
vt 0.25 0.703125
vt 0.265625 0.703125
vt 0.265625 0.6875
vt 0.25 0.6875
vt 0.25 0.703125
vt 0.24609375 0.703125
vt 0.24609375 0.734375
vt 0.25 0.734375
vt 0.25390625 0.734375
vt 0.25 0.734375
vt 0.25 0.703125
vt 0.25390625 0.703125
vn -0.35591927453375233 -0.550332948859335 -0.7552847909332983
vn 0.196377983177561 -0.8342078844553469 0.5152988387679992
vn 0.35591927453375233 0.550332948859335 0.7552847909332983
vn -0.196377983177561 0.8342078844553469 -0.5152988387679992
vn 0.9136504570887497 -0.03508348489422438 -0.40498393961883944
vn -0.9136504570887497 0.03508348489422438 0.40498393961883944
usemtl none
f 100/292/73 103/291/73 101/290/73 98/289/73
f 99/296/74 100/295/74 98/294/74 97/293/74
f 104/300/75 99/299/75 97/298/75 102/297/75
f 103/304/76 104/303/76 102/302/76 101/301/76
f 102/308/77 97/307/77 98/306/77 101/305/77
f 103/312/78 100/311/78 99/310/78 104/309/78
o heads
v -0.2639594104800973 0.6668929238171537 -2.5357975416535865
v -0.1592617781518606 0.3784613873173253 -3.0279821153017346
v -0.40104090889788346 0.6196543708906672 -2.537274670268865
v -0.29634327656964654 0.3312228343908388 -3.029459243917013
v -0.1986135653169736 0.49505457821813775 -3.104679342647176
v -0.3033111976452103 0.7834861147179661 -2.612494768999028
v -0.33569506373475955 0.4478160252916515 -3.1061564712624543
v -0.44039269606299647 0.7362475617914799 -2.6139718976143063
vt 0.15625 0.75
vt 0.16015625 0.75
vt 0.16015625 0.7421875
vt 0.15625 0.7421875
vt 0.140625 0.75
vt 0.15625 0.75
vt 0.15625 0.7421875
vt 0.140625 0.7421875
vt 0.17578125 0.75
vt 0.1796875 0.75
vt 0.1796875 0.7421875
vt 0.17578125 0.7421875
vt 0.16015625 0.75
vt 0.17578125 0.75
vt 0.17578125 0.7421875
vt 0.16015625 0.7421875
vt 0.16015625 0.75
vt 0.15625 0.75
vt 0.15625 0.78125
vt 0.16015625 0.78125
vt 0.1640625 0.78125
vt 0.16015625 0.78125
vt 0.16015625 0.75
vt 0.1640625 0.75
vn 0.1805131591866151 -0.49729575258591135 -0.8485940924968073
vn 0.271391635621469 -0.8040909717297415 0.5289463954858035
vn -0.1805131591866151 0.49729575258591135 0.8485940924968073
vn -0.271391635621469 0.8040909717297415 -0.5289463954858035
vn 0.9453896442605936 0.32578312363093975 0.010187093898470972
vn -0.9453896442605936 -0.32578312363093975 -0.010187093898470972
usemtl none
f 108/316/79 111/315/79 109/314/79 106/313/79
f 107/320/80 108/319/80 106/318/80 105/317/80
f 112/324/81 107/323/81 105/322/81 110/321/81
f 111/328/82 112/327/82 110/326/82 109/325/82
f 110/332/83 105/331/83 106/330/83 109/329/83
f 111/336/84 108/335/84 107/334/84 112/333/84
o heads
v 0.4818191618558423 0.005448318609739572 -2.5900745537801537
v 0.19812311953582684 0.039565748721525365 -3.0948047356937454
v 0.23541226695520967 -0.06921155787359626 -2.4566221465747327
v -0.04828377536480577 -0.03509412776181048 -2.9613523284883247
v 0.16956274034358554 0.17941826307516046 -3.06929828612973
v 0.453258782663601 0.14530083296337468 -2.564568104216138
v -0.07684415455704707 0.10475838659182464 -2.935845878924309
v 0.20685188776296837 0.07064095648003885 -2.4311156970107173
vt 0.24609375 0.703125
vt 0.25 0.703125
vt 0.25 0.6875
vt 0.24609375 0.6875
vt 0.23046875 0.703125
vt 0.24609375 0.703125
vt 0.24609375 0.6875
vt 0.23046875 0.6875
vt 0.265625 0.703125
vt 0.26953125 0.703125
vt 0.26953125 0.6875
vt 0.265625 0.6875
vt 0.25 0.703125
vt 0.265625 0.703125
vt 0.265625 0.6875
vt 0.25 0.6875
vt 0.25 0.703125
vt 0.24609375 0.703125
vt 0.24609375 0.734375
vt 0.25 0.734375
vt 0.25390625 0.734375
vt 0.25 0.734375
vt 0.25 0.703125
vt 0.25390625 0.703125
vn -0.48913110744830257 0.05882315536514776 -0.8702244515751582
vn 0.19696813236028463 -0.9645000989905872 -0.17590654871734882
vn 0.48913110744830257 -0.05882315536514776 0.8702244515751582
vn -0.19696813236028463 0.9645000989905872 0.17590654871734882
vn 0.849678947933217 0.2574478499425374 -0.46018071450145137
vn -0.849678947933217 -0.2574478499425374 0.46018071450145137
usemtl none
f 116/340/85 119/339/85 117/338/85 114/337/85
f 115/344/86 116/343/86 114/342/86 113/341/86
f 120/348/87 115/347/87 113/346/87 118/345/87
f 119/352/88 120/351/88 118/350/88 117/349/88
f 118/356/89 113/355/89 114/354/89 117/353/89
f 119/360/90 116/359/90 115/358/90 120/357/90
o heads
v 0.4774543481839011 0.20124329631084437 -2.541042871224528
v 0.2073919062627687 0.11017440245906013 -3.046189121370174
v 0.23470179785333478 0.13127860121369683 -2.398648556913988
v -0.0353606440677976 0.040209707361912594 -2.9037948070596338
v 0.16574527172315534 0.24903724448592884 -3.0489584057081927
v 0.4358077136442877 0.3401061383377131 -2.5438121555625464
v -0.07700727860741097 0.1790725493887813 -2.906564091397652
v 0.1930551633137214 0.27014144324056555 -2.401417841252006
vt 0.24609375 0.703125
vt 0.25 0.703125
vt 0.25 0.6875
vt 0.24609375 0.6875
vt 0.23046875 0.703125
vt 0.24609375 0.703125
vt 0.24609375 0.6875
vt 0.23046875 0.6875
vt 0.265625 0.703125
vt 0.26953125 0.703125
vt 0.26953125 0.6875
vt 0.265625 0.6875
vt 0.25 0.703125
vt 0.265625 0.703125
vt 0.265625 0.6875
vt 0.25 0.6875
vt 0.25 0.703125
vt 0.24609375 0.703125
vt 0.24609375 0.734375
vt 0.25 0.734375
vt 0.25390625 0.734375
vt 0.25 0.734375
vt 0.25 0.703125
vt 0.25390625 0.703125
vn -0.4656248998640214 -0.15701533422721436 -0.8709418105959412
vn 0.287218169238714 -0.9576747725990941 0.019098512675987837
vn 0.4656248998640214 0.15701533422721436 0.8709418105959412
vn -0.287218169238714 0.9576747725990941 -0.019098512675987837
vn 0.8370777597605742 0.24125756930050854 -0.4910148769328979
vn -0.8370777597605742 -0.24125756930050854 0.4910148769328979
usemtl none
f 124/364/91 127/363/91 125/362/91 122/361/91
f 123/368/92 124/367/92 122/366/92 121/365/92
f 128/372/93 123/371/93 121/370/93 126/369/93
f 127/376/94 128/375/94 126/374/94 125/373/94
f 126/380/95 121/379/95 122/378/95 125/377/95
f 127/384/96 124/383/96 123/382/96 128/381/96
o heads
v 0.3546879879440916 0.5639619795453439 -2.5426480178482356
v 0.11018036332042191 0.35603505132452257 -3.0257447100554415
v 0.09427537361831373 0.5747538925385504 -2.4154914021573455
v -0.15023225100535598 0.366826964317729 -2.8985880943645514
v 0.09188230553252863 0.4912895639517455 -3.074697727277706
v 0.33638993015619834 0.699216492172567 -2.5916010350704997
v -0.16853030879324926 0.502081476944952 -2.947541111586816
v 0.07597731583042044 0.7100084051657733 -2.4644444193796096
vt 0.24609375 0.703125
vt 0.25 0.703125
vt 0.25 0.6875
vt 0.24609375 0.6875
vt 0.23046875 0.703125
vt 0.24609375 0.703125
vt 0.24609375 0.6875
vt 0.23046875 0.6875
vt 0.265625 0.703125
vt 0.26953125 0.703125
vt 0.26953125 0.6875
vt 0.265625 0.6875
vt 0.25 0.703125
vt 0.265625 0.703125
vt 0.265625 0.6875
vt 0.25 0.6875
vt 0.25 0.703125
vt 0.24609375 0.703125
vt 0.24609375 0.734375
vt 0.25 0.734375
vt 0.25390625 0.734375
vt 0.25 0.734375
vt 0.25 0.703125
vt 0.25390625 0.703125
vn -0.4215648700408096 -0.35849470382900245 -0.832925331391735
vn 0.12619350198547144 -0.9327897422567097 0.3376070153259612
vn 0.4215648700408096 0.35849470382900245 0.832925331391735
vn -0.12619350198547144 0.9327897422567097 -0.3376070153259612
vn 0.8979745321578548 -0.03721349308002206 -0.4384710885892762
vn -0.8979745321578548 0.03721349308002206 0.4384710885892762
usemtl none
f 132/388/97 135/387/97 133/386/97 130/385/97
f 131/392/98 132/391/98 130/390/98 129/389/98
f 136/396/99 131/395/99 129/394/99 134/393/99
f 135/400/100 136/399/100 134/398/100 133/397/100
f 134/404/101 129/403/101 130/402/101 133/401/101
f 135/408/102 132/407/102 131/406/102 136/405/102
o heads
v -0.29085725677400154 0.7408543208879872 -2.4128110632294932
v -0.2385084406098832 0.5966385526380729 -2.658903350053567
v -0.4279387551917877 0.6936157679615009 -2.4142881918447716
v -0.37558993902766935 0.5493999997115866 -2.6603804786688454
v -0.2778602277749962 0.7132317435388855 -2.7356005773990084
v -0.33020904393911454 0.8574475117887999 -2.4895082905749346
v -0.41494172619278236 0.6659931906123993 -2.737077706014287
v -0.4672905423569007 0.8102089588623136 -2.490985419190213
vt 0.533203125 0.8984375
vt 0.537109375 0.8984375
vt 0.537109375 0.890625
vt 0.533203125 0.890625
vt 0.525390625 0.8984375
vt 0.533203125 0.8984375
vt 0.533203125 0.890625
vt 0.525390625 0.890625
vt 0.544921875 0.8984375
vt 0.548828125 0.8984375
vt 0.548828125 0.890625
vt 0.544921875 0.890625
vt 0.537109375 0.8984375
vt 0.544921875 0.8984375
vt 0.544921875 0.890625
vt 0.537109375 0.890625
vt 0.537109375 0.8984375
vt 0.533203125 0.8984375
vt 0.533203125 0.9140625
vt 0.537109375 0.9140625
vt 0.541015625 0.9140625
vt 0.537109375 0.9140625
vt 0.537109375 0.8984375
vt 0.541015625 0.8984375
vn 0.1805131591866151 -0.49729575258591135 -0.8485940924968073
vn 0.271391635621469 -0.8040909717297415 0.5289463954858035
vn -0.1805131591866151 0.49729575258591135 0.8485940924968073
vn -0.271391635621469 0.8040909717297415 -0.5289463954858035
vn 0.9453896442605936 0.32578312363093975 0.010187093898470972
vn -0.9453896442605936 -0.32578312363093975 -0.010187093898470972
usemtl none
f 140/412/103 143/411/103 141/410/103 138/409/103
f 139/416/104 140/415/104 138/414/104 137/413/104
f 144/420/105 139/419/105 137/418/105 142/417/105
f 143/424/106 144/423/106 142/422/106 141/421/106
f 142/428/107 137/427/107 138/426/107 141/425/107
f 143/432/108 140/431/108 139/430/108 144/429/108
o heads
v -0.07595666662877076 -0.19700587523998125 -2.2909360115561825
v -0.06770232753270178 -0.139584752224998 -2.575074499828689
v -0.21989379097763861 -0.21289476280395414 -2.298328405360489
v -0.21163945188156963 -0.15547363978897089 -2.5824668936329953
v -0.08473378976294788 0.0016535106852488823 -2.547026641008527
v -0.09298812885901686 -0.05576761232973437 -2.2628881527360205
v -0.22867091411181573 -0.014235376878724004 -2.5544190348128337
v -0.2369252532078847 -0.07165649989370726 -2.2702805465403273
vt 0.533203125 0.8984375
vt 0.537109375 0.8984375
vt 0.537109375 0.890625
vt 0.533203125 0.890625
vt 0.525390625 0.8984375
vt 0.533203125 0.8984375
vt 0.533203125 0.890625
vt 0.525390625 0.890625
vt 0.544921875 0.8984375
vt 0.548828125 0.8984375
vt 0.548828125 0.890625
vt 0.544921875 0.890625
vt 0.537109375 0.8984375
vt 0.544921875 0.8984375
vt 0.544921875 0.890625
vt 0.537109375 0.890625
vt 0.537109375 0.8984375
vt 0.533203125 0.8984375
vt 0.533203125 0.9140625
vt 0.537109375 0.9140625
vt 0.541015625 0.9140625
vt 0.537109375 0.9140625
vt 0.537109375 0.8984375
vt 0.541015625 0.8984375
vn 0.028463238262306397 0.19800387246545906 -0.9797878905948498
vn 0.11745836020859395 -0.9740569855879083 -0.19343350910456433
vn -0.028463238262306397 -0.19800387246545906 0.9797878905948498
vn -0.11745836020859395 0.9740569855879083 0.19343350910456433
vn 0.9926698230956411 0.10957853492395116 0.05098202623659694
vn -0.9926698230956411 -0.10957853492395116 -0.05098202623659694
usemtl none
f 148/436/109 151/435/109 149/434/109 146/433/109
f 147/440/110 148/439/110 146/438/110 145/437/110
f 152/444/111 147/443/111 145/442/111 150/441/111
f 151/448/112 152/447/112 150/446/112 149/445/112
f 150/452/113 145/451/113 146/450/113 149/449/113
f 151/456/114 148/455/114 147/454/114 152/453/114
o heads
v 0.6880489153797065 -0.017440687768245283 -2.2126709619857774
v 0.4752768836396948 0.008147384815594072 -2.591218598420971
v 0.5648454679293895 -0.054770626009913365 -2.1459447583830666
v 0.3520734361893778 -0.02918255342607401 -2.5244923948182603
v 0.4467165044474535 0.14799989916922918 -2.5657121488569556
v 0.6594885361874652 0.12241182658538984 -2.187164512421762
v 0.3235130569971365 0.1106699609275611 -2.498985945254245
v 0.5362850887371482 0.08508188834372175 -2.1204383088190513
vt 0.19140625 0.6953125
vt 0.1953125 0.6953125
vt 0.1953125 0.6875
vt 0.19140625 0.6875
vt 0.1796875 0.6953125
vt 0.19140625 0.6953125
vt 0.19140625 0.6875
vt 0.1796875 0.6875
vt 0.20703125 0.6953125
vt 0.2109375 0.6953125
vt 0.2109375 0.6875
vt 0.20703125 0.6875
vt 0.1953125 0.6953125
vt 0.20703125 0.6953125
vt 0.20703125 0.6875
vt 0.1953125 0.6875
vt 0.1953125 0.6953125
vt 0.19140625 0.6953125
vt 0.19140625 0.71875
vt 0.1953125 0.71875
vt 0.19921875 0.71875
vt 0.1953125 0.71875
vt 0.1953125 0.6953125
vt 0.19921875 0.6953125
vn -0.48913110744830257 0.05882315536514776 -0.8702244515751582
vn 0.19696813236028463 -0.9645000989905872 -0.17590654871734882
vn 0.48913110744830257 -0.05882315536514776 0.8702244515751582
vn -0.19696813236028463 0.9645000989905872 0.17590654871734882
vn 0.849678947933217 0.2574478499425374 -0.46018071450145137
vn -0.849678947933217 -0.2574478499425374 0.46018071450145137
usemtl none
f 156/460/115 159/459/115 157/458/115 154/457/115
f 155/464/116 156/463/116 154/462/116 153/461/116
f 160/468/117 155/467/117 153/466/117 158/465/117
f 159/472/118 160/471/118 158/470/118 157/469/118
f 158/476/119 153/475/119 154/474/119 157/473/119
f 159/480/120 156/479/120 155/478/120 160/477/120
o heads
v 0.5861369815209043 0.2399699868001016 -2.331140529574716
v 0.45110576056033835 0.19443553987420947 -2.5837136546475388
v 0.46476070635562117 0.20498763925152794 -2.2599433724194453
v 0.3297294853950552 0.15945319232563582 -2.5125164974922685
v 0.409459126020725 0.3332983819010781 -2.586482938985557
v 0.544490346981291 0.3788328288269702 -2.333909813912734
v 0.28808285085544183 0.2983160343525044 -2.5152857818302867
v 0.4231140718160078 0.34385048127839657 -2.262712656757464
vt 0.19140625 0.6953125
vt 0.1953125 0.6953125
vt 0.1953125 0.6875
vt 0.19140625 0.6875
vt 0.18359375 0.6953125
vt 0.19140625 0.6953125
vt 0.19140625 0.6875
vt 0.18359375 0.6875
vt 0.203125 0.6953125
vt 0.20703125 0.6953125
vt 0.20703125 0.6875
vt 0.203125 0.6875
vt 0.1953125 0.6953125
vt 0.203125 0.6953125
vt 0.203125 0.6875
vt 0.1953125 0.6875
vt 0.1953125 0.6953125
vt 0.19140625 0.6953125
vt 0.19140625 0.7109375
vt 0.1953125 0.7109375
vt 0.19921875 0.7109375
vt 0.1953125 0.7109375
vt 0.1953125 0.6953125
vt 0.19921875 0.6953125
vn -0.4656248998640214 -0.15701533422721436 -0.8709418105959412
vn 0.287218169238714 -0.9576747725990941 0.019098512675987837
vn 0.4656248998640214 0.15701533422721436 0.8709418105959412
vn -0.287218169238714 0.9576747725990941 -0.019098512675987837
vn 0.8370777597605742 0.24125756930050854 -0.4910148769328979
vn -0.8370777597605742 -0.24125756930050854 0.4910148769328979
usemtl none
f 164/484/121 167/483/121 165/482/121 162/481/121
f 163/488/122 164/487/122 162/486/122 161/485/122
f 168/492/123 163/491/123 161/490/123 166/489/123
f 167/496/124 168/495/124 166/494/124 165/493/124
f 166/500/125 161/499/125 162/498/125 165/497/125
f 167/504/126 164/503/126 163/502/126 168/501/126
o heads
v 0.4707881174422197 0.6648054157998051 -2.315547017249305
v 0.34853430513038486 0.5608419516893943 -2.557095363352908
v 0.34058181027933054 0.6702013722964082 -2.25196870940386
v 0.2183279979674957 0.5662379081859975 -2.4935170555074633
v 0.3302362473424916 0.6960964643166172 -2.6060483805751726
v 0.4524900596543264 0.800059928427028 -2.3645000344715696
v 0.2000299401796024 0.7014924208132205 -2.542470072729728
v 0.32228375249143726 0.8054558849236313 -2.3009217266261244
vt 0.19140625 0.6953125
vt 0.1953125 0.6953125
vt 0.1953125 0.6875
vt 0.19140625 0.6875
vt 0.18359375 0.6953125
vt 0.19140625 0.6953125
vt 0.19140625 0.6875
vt 0.18359375 0.6875
vt 0.203125 0.6953125
vt 0.20703125 0.6953125
vt 0.20703125 0.6875
vt 0.203125 0.6875
vt 0.1953125 0.6953125
vt 0.203125 0.6953125
vt 0.203125 0.6875
vt 0.1953125 0.6875
vt 0.1953125 0.6953125
vt 0.19140625 0.6953125
vt 0.19140625 0.7109375
vt 0.1953125 0.7109375
vt 0.19921875 0.7109375
vt 0.1953125 0.7109375
vt 0.1953125 0.6953125
vt 0.19921875 0.6953125
vn -0.4215648700408096 -0.35849470382900245 -0.832925331391735
vn 0.12619350198547144 -0.9327897422567097 0.3376070153259612
vn 0.4215648700408096 0.35849470382900245 0.832925331391735
vn -0.12619350198547144 0.9327897422567097 -0.3376070153259612
vn 0.8979745321578548 -0.03721349308002206 -0.4384710885892762
vn -0.8979745321578548 0.03721349308002206 0.4384710885892762
usemtl none
f 172/508/127 175/507/127 173/506/127 170/505/127
f 171/512/128 172/511/128 170/510/128 169/509/128
f 176/516/129 171/515/129 169/514/129 174/513/129
f 175/520/130 176/519/130 174/518/130 173/517/130
f 174/524/131 169/523/131 170/522/131 173/521/131
f 175/528/132 172/527/132 171/526/132 176/525/132
o heads
v 0.5448151128202152 1.0158384076921325 -2.21479864187374
v 0.44159852320542703 0.8562418525229252 -2.4338312312443966
v 0.41233579654234653 1.020925513001795 -2.1560759706290087
v 0.30911920692755834 0.8613289578325877 -2.375108559999665
v 0.41312371564468064 0.9772019957689505 -2.5085495628657566
v 0.5163403052594688 1.136798550938158 -2.2895169734951004
v 0.28064439936681196 0.982289101078613 -2.449826891621025
v 0.38386098898160015 1.1418856562478203 -2.2307943022503682
vt 0.533203125 0.8984375
vt 0.537109375 0.8984375
vt 0.537109375 0.890625
vt 0.533203125 0.890625
vt 0.525390625 0.8984375
vt 0.533203125 0.8984375
vt 0.533203125 0.890625
vt 0.525390625 0.890625
vt 0.544921875 0.8984375
vt 0.548828125 0.8984375
vt 0.548828125 0.890625
vt 0.544921875 0.890625
vt 0.537109375 0.8984375
vt 0.544921875 0.8984375
vt 0.544921875 0.890625
vt 0.537109375 0.890625
vt 0.537109375 0.8984375
vt 0.533203125 0.8984375
vt 0.533203125 0.9140625
vt 0.537109375 0.9140625
vt 0.541015625 0.9140625
vt 0.537109375 0.9140625
vt 0.537109375 0.8984375
vt 0.541015625 0.8984375
vn -0.35591927453375233 -0.550332948859335 -0.7552847909332983
vn 0.196377983177561 -0.8342078844553469 0.5152988387679992
vn 0.35591927453375233 0.550332948859335 0.7552847909332983
vn -0.196377983177561 0.8342078844553469 -0.5152988387679992
vn 0.9136504570887497 -0.03508348489422438 -0.40498393961883944
vn -0.9136504570887497 0.03508348489422438 0.40498393961883944
usemtl none
f 180/532/133 183/531/133 181/530/133 178/529/133
f 179/536/134 180/535/134 178/534/134 177/533/134
f 184/540/135 179/539/135 177/538/135 182/537/135
f 183/544/136 184/543/136 182/542/136 181/541/136
f 182/548/137 177/547/137 178/546/137 181/545/137
f 183/552/138 180/551/138 179/550/138 184/549/138
o heads
v -0.07202380693451893 -0.16716762485219483 -2.433467041269459
v -0.0555151287423814 -0.052325378822228596 -3.0017440178144716
v -0.21596093128338678 -0.18305651241616772 -2.440859435073765
v -0.19945225309124925 -0.06821426638620148 -3.0091364116187784
v -0.07254659097262728 0.08891288408801817 -2.97369615899431
v -0.0890552691647648 -0.02592936194194806 -2.4054191824492968
v -0.21648371532149557 0.07302399652404518 -2.9810885527986164
v -0.2329923935136331 -0.04181824950592106 -2.4128115762536035
vt 0.15625 0.75
vt 0.16015625 0.75
vt 0.16015625 0.7421875
vt 0.15625 0.7421875
vt 0.140625 0.75
vt 0.15625 0.75
vt 0.15625 0.7421875
vt 0.140625 0.7421875
vt 0.17578125 0.75
vt 0.1796875 0.75
vt 0.1796875 0.7421875
vt 0.17578125 0.7421875
vt 0.16015625 0.75
vt 0.17578125 0.75
vt 0.17578125 0.7421875
vt 0.16015625 0.7421875
vt 0.16015625 0.75
vt 0.15625 0.75
vt 0.15625 0.78125
vt 0.16015625 0.78125
vt 0.1640625 0.78125
vt 0.16015625 0.78125
vt 0.16015625 0.75
vt 0.1640625 0.75
vn 0.028463238262306397 0.19800387246545906 -0.9797878905948498
vn 0.11745836020859395 -0.9740569855879083 -0.19343350910456433
vn -0.028463238262306397 -0.19800387246545906 0.9797878905948498
vn -0.11745836020859395 0.9740569855879083 0.19343350910456433
vn 0.9926698230956411 0.10957853492395116 0.05098202623659694
vn -0.9926698230956411 -0.10957853492395116 -0.05098202623659694
usemtl none
f 188/556/139 191/555/139 189/554/139 186/553/139
f 187/560/140 188/559/140 186/558/140 185/557/140
f 192/564/141 187/563/141 185/562/141 190/561/141
f 191/568/142 192/567/142 190/566/142 189/565/142
f 190/572/143 185/571/143 186/570/143 189/569/143
f 191/576/144 188/575/144 187/574/144 192/573/144
o heads
v 0.7603121900459784 -0.025184790369386034 -2.0859452331148294
v 0.6184641688859704 -0.008126075313493075 -2.3383103240716254
v 0.637108742595662 -0.0625147286110539 -2.019219029512119
v 0.495260721435654 -0.045456013555161046 -2.271584120468915
v 0.5899037896937291 0.13172643904014214 -2.31280387450761
v 0.7317518108537371 0.11466772398424924 -2.060438783550814
v 0.4667003422434127 0.09439650079847417 -2.2460776709048993
v 0.6085483634034207 0.07733778574258127 -1.9937125799481032
vt 0.533203125 0.8984375
vt 0.537109375 0.8984375
vt 0.537109375 0.890625
vt 0.533203125 0.890625
vt 0.525390625 0.8984375
vt 0.533203125 0.8984375
vt 0.533203125 0.890625
vt 0.525390625 0.890625
vt 0.544921875 0.8984375
vt 0.548828125 0.8984375
vt 0.548828125 0.890625
vt 0.544921875 0.890625
vt 0.537109375 0.8984375
vt 0.544921875 0.8984375
vt 0.544921875 0.890625
vt 0.537109375 0.890625
vt 0.537109375 0.8984375
vt 0.533203125 0.8984375
vt 0.533203125 0.9140625
vt 0.537109375 0.9140625
vt 0.541015625 0.9140625
vt 0.537109375 0.9140625
vt 0.537109375 0.8984375
vt 0.541015625 0.8984375
vn -0.48913110744830257 0.05882315536514776 -0.8702244515751582
vn 0.19696813236028463 -0.9645000989905872 -0.17590654871734882
vn 0.48913110744830257 -0.05882315536514776 0.8702244515751582
vn -0.19696813236028463 0.9645000989905872 0.17590654871734882
vn 0.849678947933217 0.2574478499425374 -0.46018071450145137
vn -0.849678947933217 -0.2574478499425374 0.46018071450145137
usemtl none
f 196/580/145 199/579/145 197/578/145 194/577/145
f 195/584/146 196/583/146 194/582/146 193/581/146
f 200/588/147 195/587/147 193/586/147 198/585/147
f 199/592/148 200/591/148 198/590/148 197/589/148
f 198/596/149 193/595/149 194/594/149 197/593/149
f 199/600/150 196/599/150 195/598/150 200/597/150
o heads
v 0.4932468986501459 0.9343982837093705 -2.3256532186456287
v 0.3384220142279637 0.6950034509555598 -2.6542021027016136
v 0.3607675823722767 0.9394853890190329 -2.266930547400897
v 0.20594269795009446 0.7000905562652222 -2.595479431456882
v 0.3099472066672173 0.815963594201585 -2.7289204343229736
v 0.46477209108939954 1.0553584269553957 -2.4003715502669887
v 0.17746789038934807 0.8210506995112474 -2.6701977630782414
v 0.3322927748115303 1.060445532265058 -2.341648879022257
