# Made in Blockbench 4.1.1
mtllib stiks.mtl

o cube
v 0.0625 0.0625 0.0625
v 0.0625 0.0625 0
v 0.0625 0 0.0625
v 0.0625 0 0
v -0.3125 0.0625 0
v -0.3125 0.0625 0.0625
v -0.3125 0 0
v -0.3125 0 0.0625
vt 0.0625 0.9375
vt 0.4375 0.9375
vt 0.4375 0.875
vt 0.0625 0.875
vt 0 0.9375
vt 0.0625 0.9375
vt 0.0625 0.875
vt 0 0.875
vt 0.5 0.9375
vt 0.875 0.9375
vt 0.875 0.875
vt 0.5 0.875
vt 0.4375 0.9375
vt 0.5 0.9375
vt 0.5 0.875
vt 0.4375 0.875
vt 0.4375 0.9375
vt 0.0625 0.9375
vt 0.0625 1
vt 0.4375 1
vt 0.8125 1
vt 0.4375 1
vt 0.4375 0.9375
vt 0.8125 0.9375
vn 0 0 -1
vn 1 0 0
vn 0 0 1
vn -1 0 0
vn 0 1 0
vn 0 -1 0
usemtl m_0
f 4/4/1 7/3/1 5/2/1 2/1/1
f 3/8/2 4/7/2 2/6/2 1/5/2
f 8/12/3 3/11/3 1/10/3 6/9/3
f 7/16/4 8/15/4 6/14/4 5/13/4
f 6/20/5 1/19/5 2/18/5 5/17/5
f 7/24/6 4/23/6 3/22/6 8/21/6
o cube
v -0.048536535891431046 0.01836067056274039 0.2006884163576621
v -0.009406246371644972 0.01485925609078904 0.15207966674616388
v -0.08144533492382873 -0.02951710713219574 0.1776454272017488
v -0.042315045404042656 -0.03301852160414709 0.12903667759025061
v -0.22507944818482192 0.2549873593790878 -0.03883540345736089
v -0.264209737704608 0.25848877385103913 0.00977334615413733
v -0.2579882472172196 0.20710958168415167 -0.061878392613274186
v -0.29711853673700567 0.21061099615610304 -0.013269643001775966
vt 0.0625 0.9375
vt 0.4375 0.9375
vt 0.4375 0.875
vt 0.0625 0.875
vt 0 0.9375
vt 0.0625 0.9375
vt 0.0625 0.875
vt 0 0.875
vt 0.5 0.9375
vt 0.875 0.9375
vt 0.875 0.875
vt 0.5 0.875
vt 0.4375 0.9375
vt 0.5 0.9375
vt 0.5 0.875
vt 0.4375 0.875
vt 0.4375 0.9375
vt 0.0625 0.9375
vt 0.0625 1
vt 0.4375 1
vt 0.8125 1
vt 0.4375 1
vt 0.4375 0.9375
vt 0.8125 0.9375
vn 0.6260846323165773 -0.05602263155122175 -0.7777399937839719
vn 0.5751285381684718 -0.6403416087687968 0.5091068538760661
vn -0.6260846323165773 0.05602263155122175 0.7777399937839719
vn -0.5751285381684718 0.6403416087687968 -0.5091068538760661
vn 0.5265407845183628 0.7660444431189781 0.36868782649461257
vn -0.5265407845183628 -0.7660444431189781 -0.36868782649461257
usemtl m_0
f 12/28/7 15/27/7 13/26/7 10/25/7
f 11/32/8 12/31/8 10/30/8 9/29/8
f 16/36/9 11/35/9 9/34/9 14/33/9
f 15/40/10 16/39/10 14/38/10 13/37/10
f 14/44/11 9/43/11 10/42/11 13/41/11
f 15/48/12 12/47/12 11/46/12 16/45/12
o cube
v 0.10496252897999586 0.0625 -0.2353489271488688
v 0.04341204441673285 0.0625 -0.246201938253052
v 0.10496252897999586 0 -0.2353489271488688
v 0.04341204441673285 0 -0.246201938253052
v 0.021706022208366427 0.0625 -0.123100969126526
v 0.08325650677162943 0.0625 -0.11224795802234279
v 0.021706022208366427 0 -0.123100969126526
v 0.08325650677162943 0 -0.11224795802234279
vt 0.0625 0.9375
vt 0.1875 0.9375
vt 0.1875 0.875
vt 0.0625 0.875
vt 0 0.9375
vt 0.0625 0.9375
vt 0.0625 0.875
vt 0 0.875
vt 0.25 0.9375
vt 0.375 0.9375
vt 0.375 0.875
vt 0.25 0.875
vt 0.1875 0.9375
vt 0.25 0.9375
vt 0.25 0.875
vt 0.1875 0.875
vt 0.1875 0.9375
vt 0.0625 0.9375
vt 0.0625 1
vt 0.1875 1
vt 0.3125 1
vt 0.1875 1
vt 0.1875 0.9375
vt 0.3125 0.9375
vn -0.984807753012208 0 -0.1736481776669314
vn 0.1736481776669314 0 -0.984807753012208
vn 0.984807753012208 0 0.1736481776669314
vn -0.1736481776669314 0 0.984807753012208
vn 0 1 0
vn 0 -1 0
usemtl m_0
f 20/52/13 23/51/13 21/50/13 18/49/13
f 19/56/14 20/55/14 18/54/14 17/53/14
f 24/60/15 19/59/15 17/58/15 22/57/15
f 23/64/16 24/63/16 22/62/16 21/61/16
f 22/68/17 17/67/17 18/66/17 21/65/17
f 23/72/18 20/71/18 19/70/18 24/69/18
o cube
v 0.028021345572998 0.0625 -0.39429025373736876
v -0.029721125208957422 0.0625 -0.4182079682601869
v 0.028021345572998 0 -0.39429025373736876
v -0.029721125208957422 0 -0.4182079682601869
v -0.17322741234586625 0.0625 -0.07175314356845441
v -0.11548494156391083 0.0625 -0.04783542904563627
v -0.17322741234586625 0 -0.07175314356845441
v -0.11548494156391083 0 -0.04783542904563627
vt 0.0625 0.9375
vt 0.4375 0.9375
vt 0.4375 0.875
vt 0.0625 0.875
vt 0 0.9375
vt 0.0625 0.9375
vt 0.0625 0.875
vt 0 0.875
vt 0.5 0.9375
vt 0.875 0.9375
vt 0.875 0.875
vt 0.5 0.875
vt 0.4375 0.9375
vt 0.5 0.9375
vt 0.5 0.875
vt 0.4375 0.875
vt 0.4375 0.9375
vt 0.0625 0.9375
vt 0.0625 1
vt 0.4375 1
vt 0.8125 1
vt 0.4375 1
vt 0.4375 0.9375
vt 0.8125 0.9375
vn -0.9238795325112866 0 -0.38268343236509017
vn 0.38268343236509017 0 -0.9238795325112866
vn 0.9238795325112866 0 0.38268343236509017
vn -0.38268343236509017 0 0.9238795325112866
vn 0 1 0
vn 0 -1 0
usemtl m_0
f 28/76/19 31/75/19 29/74/19 26/73/19
f 27/80/20 28/79/20 26/78/20 25/77/20
f 32/84/21 27/83/21 25/82/21 30/81/21
f 31/88/22 32/87/22 30/86/22 29/85/22
f 30/92/23 25/91/23 26/90/23 29/89/23
f 31/96/24 28/95/24 27/94/24 32/93/24
o cube
v 0.1875 0.0625 0.0625
v 0.1875 0.0625 0
v 0.1875 0 0.0625
v 0.1875 0 0
v 0.0625 0.0625 0
v 0.0625 0.0625 0.0625
v 0.0625 0 0
v 0.0625 0 0.0625
vt 0.0625 0.9375
vt 0.1875 0.9375
vt 0.1875 0.875
vt 0.0625 0.875
vt 0 0.9375
vt 0.0625 0.9375
vt 0.0625 0.875
vt 0 0.875
vt 0.25 0.9375
vt 0.375 0.9375
vt 0.375 0.875
vt 0.25 0.875
vt 0.1875 0.9375
vt 0.25 0.9375
vt 0.25 0.875
vt 0.1875 0.875
vt 0.1875 0.9375
vt 0.0625 0.9375
vt 0.0625 1
vt 0.1875 1
vt 0.3125 1
vt 0.1875 1
vt 0.1875 0.9375
vt 0.3125 0.9375
vn 0 0 -1
vn 1 0 0
vn 0 0 1
vn -1 0 0
vn 0 1 0
vn 0 -1 0
usemtl m_0
f 36/100/25 39/99/25 37/98/25 34/97/25
f 35/104/26 36/103/26 34/102/26 33/101/26
f 40/108/27 35/107/27 33/106/27 38/105/27
f 39/112/28 40/111/28 38/110/28 37/109/28
f 38/116/29 33/115/29 34/114/29 37/113/29
f 39/120/30 36/119/30 35/118/30 40/117/30
o cube
v 0.32841455822213417 0.0625 0.2606244960623626
v 0.3020009168633404 0.0625 0.20398025937257194
v 0.32841455822213417 0 0.2606244960623626
v 0.3020009168633404 0 0.20398025937257194
v 0.07542397010417795 0.0625 0.3096348248077468
v 0.10183761146297166 0.0625 0.3662790614975374
v 0.07542397010417795 0 0.3096348248077468
v 0.10183761146297166 0 0.3662790614975374
vt 0.0625 0.9375
vt 0.3125 0.9375
vt 0.3125 0.875
vt 0.0625 0.875
vt 0 0.9375
vt 0.0625 0.9375
vt 0.0625 0.875
vt 0 0.875
vt 0.375 0.9375
vt 0.625 0.9375
vt 0.625 0.875
vt 0.375 0.875
vt 0.3125 0.9375
vt 0.375 0.9375
vt 0.375 0.875
vt 0.3125 0.875
vt 0.3125 0.9375
vt 0.0625 0.9375
vt 0.0625 1
vt 0.3125 1
vt 0.5625 1
vt 0.3125 1
vt 0.3125 0.9375
vt 0.5625 0.9375
vn -0.42261826174069944 0 -0.9063077870366499
vn 0.9063077870366499 0 -0.42261826174069944
vn 0.42261826174069944 0 0.9063077870366499
vn -0.9063077870366499 0 0.42261826174069944
vn 0 1 0
vn 0 -1 0
usemtl m_0
f 44/124/31 47/123/31 45/122/31 42/121/31
f 43/128/32 44/127/32 42/126/32 41/125/32
f 48/132/33 43/131/33 41/130/33 46/129/33
f 47/136/34 48/135/34 46/134/34 45/133/34
f 46/140/35 41/139/35 42/138/35 45/137/35
f 47/144/36 44/143/36 43/142/36 48/141/36